platform,search_query,store_id,product_id,variant_id,name,brand,mrp,price,quantity,in_stock,inventory,max_allowed_quantity,category,sub_category,images,organic_rank,rating
blinkit,Vegetables,37424,354997,354997,Potato (Alugadde),,41,30,(0.95-1.05) kg,True,10,10,Fresh Vegetables,Potato,https://cdn.grofers.com/da/cms-assets/cms/product/2d053159-1d80-479e-9d0a-8c76d37c9af4.jpg?ts=1744719578;https://cdn.grofers.com/da/cms-assets/cms/product/67d0d903-36d7-431f-a6c7-7c925dd9cac7.jpg?ts=1744719578;https://cdn.grofers.com/da/cms-assets/cms/product/48607637-f2f0-4403-8cdd-36f25531c9cd.jpg?ts=1744719578;https://cdn.grofers.com/da/cms-assets/cms/product/97f9eb63-a0ea-466d-bace-784ea4c43fe9.jpg?ts=1744719578,1,0
blinkit,Vegetables,37424,3898,3898,Lady Finger (Bendekayi),,19,14,250 g,True,33,33,Fresh Vegetables,Lady Finger,https://cdn.grofers.com/app/assets/products/sliding_images/jpeg/1d455f4c-48df-4228-8fdb-51129f10491d.jpg?ts=1711016007;https://cdn.grofers.com/app/assets/products/sliding_images/jpeg/fcfe265a-4c50-4494-845d-819619e3101e.jpg?ts=1711016007;https://cdn.grofers.com/app/assets/products/sliding_images/jpeg/98e6da32-223b-4bb8-b550-fd6e8ebc1b3d.jpg?ts=1711016007;https://cdn.grofers.com/app/assets/products/sliding_images/jpeg/731a4545-f6f4-4296-ad80-63f9757f297a.jpg,2,0
blinkit,Vegetables,37424,37743,37743,Desi Tomato 500 g (Naati Tomaato),,22,16,500 g,True,18,18,Fresh Vegetables,Tomato,https://cdn.grofers.com/da/cms-assets/cms/product/667ea47a-84c8-4a73-86fc-a0c8c8281170.jpg?ts=1748187119;https://cdn.grofers.com/da/cms-assets/cms/product/a9e0176f-04a1-44f2-b814-552e176edae9.jpg?ts=1748187120;https://cdn.grofers.com/da/cms-assets/cms/product/6ef75cc4-15ce-4b5d-9e5e-d51ff0349ae9.jpg?ts=1748187120;https://cdn.grofers.com/da/cms-assets/cms/product/8e0469aa-6e40-4c7f-879e-f3052ec06773.jpg,3,0
blinkit,Vegetables,37424,609558,609558,Organically Grown Sweet Potato - 500 g (Genasu),Bhoomi Farms,92,71,500 g,True,1,1,Certified Organic,Sweet Potato,https://cdn.grofers.com/da/cms-assets/cms/product/67e0c419-8a32-4ee1-9efa-f7336d04c539.jpg?ts=1738841343;https://cdn.grofers.com/da/cms-assets/cms/product/9fba1a2c-b860-42a4-9f47-293fda0ba578.jpg?ts=1738841343;https://cdn.grofers.com/da/cms-assets/cms/product/e1d0cc6e-3c0a-458b-ab2b-cf75d102dbf5.jpg?ts=1738841343,4,0
blinkit,Vegetables,37424,565122,565122,Yu 100% Natural Coconut Water,Yu,360,180,6 x 200 ml,True,2,2,Coconut Water,Coconut Water,https://cdn.grofers.com/da/cms-assets/cms/product/318bc5dc-a17a-4233-a528-3ff9948489b1.jpg?ts=1746519691;https://cdn.grofers.com/da/cms-assets/cms/product/e9344803-054f-438b-a51a-4e9d94ec0fab.jpg?ts=1746100528;https://cdn.grofers.com/da/cms-assets/cms/product/93ad0066-57c3-4f8e-8090-c58996561f1f.jpg?ts=1746100529;https://cdn.grofers.com/da/cms-assets/cms/product/6e3b5cf8-aef8-456f-bd3d-ca232764f2da.jpg?ts=1746100529;https://cdn.grofers.com/da/cms-assets/cms/product/26ea01d4-7d30-426e-87c3-22dae750c6df.jpg?ts=1746100530;https://cdn.grofers.com/da/cms-assets/cms/product/aa93395d-3b28-4f77-be0f-4976ac055248.jpg?ts=1746100530;https://cdn.grofers.com/da/cms-assets/cms/product/c732048d-8131-4d73-b08a-fe4dcaaf3bbd.jpg?ts=1746100531;https://cdn.grofers.com/da/cms-assets/cms/product/aac1ca9c-66ed-4f4e-95e6-a07a243313a2.jpg?ts=1746100531;https://cdn.grofers.com/da/cms-assets/cms/product/10f36153-b462-405b-8b5e-fbd256f61df5.jpg?ts=1746100532;https://cdn.grofers.com/da/cms-assets/cms/product/9d8202bf-c34a-4c75-b9bc-29c03e0e9398.jpg?ts=1746100532;https://cdn.grofers.com/da/cms-assets/cms/product/d7a3560e-252b-45c6-a8ea-114c07448bd1.jpg;https://cdn.grofers.com/da/cms-assets/cms/product/5b135930-09ec-4990-8ca9-b8cc42c71de0.jpg,5,4.465000
blinkit,Vegetables,37424,565123,565123,Yu 100% Natural Coconut Water,Yu,60,47,200 ml,True,5,5,Coconut Water,Coconut Water,https://cdn.grofers.com/da/cms-assets/cms/product/c8de8ce5-41d1-4786-9cc3-5fcb7e81b1f1.jpg?ts=1746100542;https://cdn.grofers.com/da/cms-assets/cms/product/996a5171-a787-44d8-9761-2863716e8334.jpg?ts=1746100542;https://cdn.grofers.com/da/cms-assets/cms/product/4039daa0-68ce-472a-8bee-1bae7633e506.jpg?ts=1746100543;https://cdn.grofers.com/da/cms-assets/cms/product/adfb0a35-2ccb-47e2-a2fe-4495ccd4927f.jpg?ts=1746100543;https://cdn.grofers.com/da/cms-assets/cms/product/2c0ae66e-af1f-40e9-b47f-0b83a52de584.jpg?ts=1746100544;https://cdn.grofers.com/da/cms-assets/cms/product/95ba7a94-51ad-4407-8089-af49d373fe52.jpg?ts=1746100544;https://cdn.grofers.com/da/cms-assets/cms/product/70bc1d80-345a-41ef-b8f1-ca62f643b5f9.jpg?ts=1746100545;https://cdn.grofers.com/da/cms-assets/cms/product/c4d8e64a-b302-4b07-8136-7646583ad0ca.jpg?ts=1746100545;https://cdn.grofers.com/da/cms-assets/cms/product/fa04524d-7fc6-4752-b42a-ec39451debfc.jpg?ts=1746100546;https://cdn.grofers.com/da/cms-assets/cms/product/53cf4cc0-1fa4-4bf5-8319-af5ab785c185.jpg?ts=1746100546;https://cdn.grofers.com/da/cms-assets/cms/product/74714324-41e5-4346-9a74-f8773a8fe92e.jpg;https://cdn.grofers.com/da/cms-assets/cms/product/215d50e8-150a-4bfc-a811-f756bef4de9d.jpg,5,4.290000
blinkit,Vegetables,37424,438113,438113,Cauliflower (Hoo Kosu),,32,24,1 piece (300-500 g),True,5,5,Fresh Vegetables,Cauliflower,https://cdn.grofers.com/da/cms-assets/cms/product/c2b29fc5-ea91-406f-b97e-4c430504e19f.jpg?ts=1750140111;https://cdn.grofers.com/da/cms-assets/cms/product/1d3b3354-e24f-4032-b594-631faa0b00a3.jpg?ts=1750140111;https://cdn.grofers.com/da/cms-assets/cms/product/7b2f2fb2-e927-4c93-b634-5592affe05f7.jpg?ts=1750140112;https://cdn.grofers.com/app/assets/products/sliding_images/jpeg/ec131822-a14d-44fd-89b1-377133dfd02d.jpg?ts=1713868644,6,0
blinkit,Vegetables,37424,602448,602448,Organically Grown Brinjal Bharta - 500 g (Badanekayi),Healthy Buddha,92,70,500 g,True,1,1,Certified Organic,Brinjal,https://cdn.grofers.com/da/cms-assets/cms/product/4b22154c-3f99-4711-bcee-56b645df6c49.jpg?ts=1736246550;https://cdn.grofers.com/da/cms-assets/cms/product/f0a966fc-229c-4d9c-b1a7-b78816998fa6.jpg?ts=1736246550;https://cdn.grofers.com/da/cms-assets/cms/product/2ec63648-8235-46dc-babf-fdb28957db8b.jpg?ts=1736246551,7,0
blinkit,Vegetables,37424,3881,3881,Hybrid Tomato 500 g,,22,16,500 g,True,23,23,Fresh Vegetables,Tomato,https://cdn.grofers.com/da/cms-assets/cms/product/4cd11feb-f6df-4830-9fa1-a5f39f08fc3f.jpg?ts=1748161073;https://cdn.grofers.com/da/cms-assets/cms/product/47cf3540-65a7-4500-a54e-7a6a183f2a75.jpg?ts=1748161074;https://cdn.grofers.com/da/cms-assets/cms/product/19fae49e-2d12-4e23-abde-e60f08182ad0.jpg?ts=1748161074;https://cdn.grofers.com/da/cms-assets/cms/product/ba669458-bf4e-4427-b2c3-7467d8c5e649.jpg,8,0
blinkit,Vegetables,37424,421741,421741,Varikatri Brinjal (Badanekayi),,18,14,250 g,True,9,9,Fresh Vegetables,Brinjal,https://cdn.grofers.com/app/assets/products/sliding_images/jpeg/54081dc4-99f4-4201-8eb6-e36c05f9ad99.jpg?ts=1710840665;https://cdn.grofers.com/app/assets/products/sliding_images/jpeg/825e208d-fb4b-46ea-97ac-b57ac899a951.jpg?ts=1714039581,9,0
blinkit,Vegetables,37424,421706,421706,Coccinea (Thondekaayi),,37,27,250 g,True,5,5,Fresh Vegetables,Coccinea,https://cdn.grofers.com/app/images/products/sliding_image/421706a.jpg?ts=1690817507;https://cdn.grofers.com/app/images/products/sliding_image/421706b.jpg?ts=1690817507,10,0
blinkit,Vegetables,37424,327916,327916,Orange Carrot,,47,35,500 g,True,28,28,Fresh Vegetables,Carrot,https://cdn.grofers.com/app/images/products/sliding_image/327916a.jpg?ts=1690813169;https://cdn.grofers.com/app/images/products/sliding_image/327916b.jpg?ts=1690813169,11,0
blinkit,Vegetables,37424,530158,530158,Onion (Eerulli),,36,27,(0.95-1.05) kg,True,50,50,Fresh Vegetables,Onion,https://cdn.grofers.com/app/assets/products/sliding_images/jpeg/a1ba074a-c085-4dd1-b4a4-2f247d6f211d.jpg?ts=1711010249;https://cdn.grofers.com/app/assets/products/sliding_images/jpeg/3e73bfa7-1dfc-4a53-983c-59a95366b8dc.jpg?ts=1711010249;https://cdn.grofers.com/app/assets/products/sliding_images/jpeg/d104419e-e128-405a-ae42-13794e50858d.jpg?ts=1711010249;https://cdn.grofers.com/app/assets/products/sliding_images/jpeg/40c2925c-9832-49ae-b2d8-08481466e448.jpg,12,0
blinkit,Vegetables,37424,532987,532987,Onion - Pack of 2 (Eerulli),,72,54,2 x (0.95-1.05) kg,True,37,37,Fresh Vegetables,Onion,https://cdn.grofers.com/app/assets/products/sliding_images/jpeg/a4683389-4d48-4cb9-8c96-2175cad90111.jpg?ts=1710495574;https://cdn.grofers.com/app/assets/products/sliding_images/jpeg/6a91b796-be03-448d-80ab-ef08f28bebbe.jpg?ts=1710495574;https://cdn.grofers.com/app/assets/products/sliding_images/jpeg/2dfc8f9d-363f-475c-9999-e9c9c0c8ff3b.jpg?ts=1710495574;https://cdn.grofers.com/da/cms-assets/cms/product/d9780bd2-85bc-415d-b037-c7e8118cbd26.jpg?ts=1741278776,12,0
blinkit,Vegetables,37424,10088,10088,Green Cucumber (Southekayi),,19,15,(500-700) g,True,29,29,Fresh Vegetables,Cucumber,https://cdn.grofers.com/da/cms-assets/cms/product/e29ff4ab-7a96-4b90-b251-0489fa0416a2.png;https://cdn.grofers.com/da/cms-assets/cms/product/ed8ea455-3f4c-48f7-bd52-dde21ddcd32b.png;https://cdn.grofers.com/da/cms-assets/cms/product/cea59d69-bb21-4318-9eb3-703c6a14c757.png;https://cdn.grofers.com/da/cms-assets/cms/product/6334bed8-fd00-4a86-838a-1029af68d1d4.png;https://cdn.grofers.com/app/images/products/common/customer_care.jpg,13,0
blinkit,Vegetables,37424,339151,339151,Beetroot,,24,18,(250-350) g,True,18,18,Fresh Vegetables,Beetroot,https://cdn.grofers.com/da/cms-assets/cms/product/c407473e-e0fb-448c-8488-1eb576effae9.png;https://cdn.grofers.com/da/cms-assets/cms/product/0ef0472a-3464-433c-a78c-cb0db9308f6b.png;https://cdn.grofers.com/da/cms-assets/cms/product/d23b9cee-7ba6-4758-b193-3a019d962a3d.png;https://cdn.grofers.com/da/cms-assets/cms/product/c0ce6b62-3720-4d44-8b9e-d0ea5a0f5469.png;https://cdn.grofers.com/app/images/products/common/customer_care.jpg,14,0
blinkit,Vegetables,37424,607308,607308,Coriander Bunch - Pack of 2 (Kottambari Soppu),,22,17,2 x 100 g,True,32,32,Leafies & Herbs,Coriander,https://cdn.grofers.com/da/cms-assets/cms/product/3d39450c-fe9e-4fb1-8d79-aadb3284a641.png;https://cdn.grofers.com/da/cms-assets/cms/product/47e67f87-7294-4929-a557-7074fb64c7db.jpg;https://cdn.grofers.com/da/cms-assets/cms/product/81cab939-2b1d-4e98-8041-f51ebebd8f60.png;https://cdn.grofers.com/da/cms-assets/cms/product/fe2ee6ff-7bbd-464f-b9ab-0d0d3bcc3915.jpg;https://cdn.grofers.com/app/images/products/common/customer_care.jpg,15,0
blinkit,Vegetables,37424,3889,3889,Coriander Bunch (Kottambari Soppu),,11,9,100 g,True,50,50,Leafies & Herbs,Coriander,https://cdn.grofers.com/da/cms-assets/cms/product/1d1beb79-3747-411f-b199-eaf7f9ad8a4f.png;https://cdn.grofers.com/da/cms-assets/cms/product/8f5e3271-f021-4f27-bc81-7deea6b59f31.png;https://cdn.grofers.com/da/cms-assets/cms/product/87b0ee27-668e-46ad-a1ec-36b2d19273ba.png;https://cdn.grofers.com/app/images/products/common/customer_care.jpg,15,0
blinkit,Vegetables,37424,423735,423735,Green Chilli 100 g (Menasinakayi),,12,9,100 g,True,33,33,Fresh Vegetables,Chilli,https://cdn.grofers.com/da/cms-assets/cms/product/9b4cd95e-3f9e-4305-92a0-16d9875c6b4d.png;https://cdn.grofers.com/da/cms-assets/cms/product/0584bccf-ea79-4b35-a06e-cc9bebfdfd0e.png;https://cdn.grofers.com/da/cms-assets/cms/product/45320d99-7004-44ae-88cb-68655a89206c.png;https://cdn.grofers.com/da/cms-assets/cms/product/aa6d3d2c-2e95-4e7e-91e2-00f3c9922e86.png;https://cdn.grofers.com/app/images/products/common/customer_care.jpg,16,0
blinkit,Vegetables,37424,607309,607309,Green Chilli 100 g - Pack of 2 (Menasinakayi),,24,17,2 x 100 g,True,16,16,Fresh Vegetables,Chilli,https://cdn.grofers.com/da/cms-assets/cms/product/e9e776d6-dbd2-4b3d-9558-769811842583.png;https://cdn.grofers.com/da/cms-assets/cms/product/d5ca698a-097b-4e3b-8cb6-f377b82b18cf.jpg;https://cdn.grofers.com/da/cms-assets/cms/product/8c36b928-b669-4e48-b245-f6bbbd429861.png;https://cdn.grofers.com/da/cms-assets/cms/product/a87bd8a8-8594-4eeb-9b35-908c489c2782.jpg;https://cdn.grofers.com/app/images/products/common/customer_care.jpg,16,0
blinkit,Vegetables,37424,229627,229627,Lemon (Nimbe),,35,28,(220-250) g,True,28,28,Fresh Vegetables,Lemon,https://cdn.grofers.com/da/cms-assets/cms/product/2d79def7-60ff-4d91-a80d-c99112fd2639.png;https://cdn.grofers.com/da/cms-assets/cms/product/c8cfd580-55de-443d-9e50-cd4b7d1fdbf8.png;https://cdn.grofers.com/da/cms-assets/cms/product/56c432f8-3daf-43a9-b2b6-030ec58bb3a3.png;https://cdn.grofers.com/da/cms-assets/cms/product/cf83e8ec-d500-455e-95b8-e6c67d1f1e53.png;https://cdn.grofers.com/app/images/products/common/customer_care.jpg,17,0
blinkit,Vegetables,37424,17643,17643,Curry Leaves (Karibevina Soppu),,17,14,100 g,True,20,20,Leafies & Herbs,Curry Leaves,https://cdn.grofers.com/da/cms-assets/cms/product/e80c9bc6-02e3-47af-8a45-bc8dba262eab.png;https://cdn.grofers.com/da/cms-assets/cms/product/a2bf67bc-e92f-4159-8afd-dc6186cb0f4b.jpg;https://cdn.grofers.com/app/images/products/common/customer_care.jpg,18,0
blinkit,Vegetables,37424,184269,184269,Jamun,,61,48,(250-280) g,True,21,21,Fresh Fruits,Jamun,https://cdn.grofers.com/da/cms-assets/cms/product/a502d084-9722-497a-82f9-4996e19eab67.png;https://cdn.grofers.com/da/cms-assets/cms/product/d7df98e5-b601-4791-9e2a-acc2b72676f0.png;https://cdn.grofers.com/da/cms-assets/cms/product/ecc1b60c-7050-4fc4-a379-ef74d0c32db6.png;https://cdn.grofers.com/da/cms-assets/cms/product/60fc6bfa-ba7e-4e19-b225-3896ae515267.png;https://cdn.grofers.com/app/images/products/common/customer_care.jpg,19,0
blinkit,Vegetables,37424,355004,355004,Garlic (Bellulli),,26,21,100 g,True,27,27,Fresh Vegetables,Garlic,https://cdn.grofers.com/da/cms-assets/cms/product/f8fbe189-dd5b-42df-96fe-bee031501f90.png;https://cdn.grofers.com/da/cms-assets/cms/product/cdeefb0c-a6c3-4c13-94c3-6be4bebf4c42.png;https://cdn.grofers.com/da/cms-assets/cms/product/8f7ec9bc-8973-4b94-83df-7022771ea537.png;https://cdn.grofers.com/da/cms-assets/cms/product/99bb569c-58bf-406f-b030-7f9161b22231.png;https://cdn.grofers.com/app/images/products/common/customer_care.jpg,20,0
blinkit,Vegetables,37424,95032,95032,Ginger (Shunti),,21,16,200 g,True,16,16,Fresh Vegetables,Ginger,https://cdn.grofers.com/da/cms-assets/cms/product/e7c9461c-4a81-46cc-8215-5f9155026a6e.png;https://cdn.grofers.com/da/cms-assets/cms/product/ff1baf59-9c58-40a9-92a1-6063eae3027b.png;https://cdn.grofers.com/da/cms-assets/cms/product/35d21e9b-f60e-45c9-a84e-43b1859bcb3f.png;https://cdn.grofers.com/da/cms-assets/cms/product/6400da7b-7d67-48c4-a641-196b1953d974.png;https://cdn.grofers.com/app/images/products/common/customer_care.jpg,21,0
blinkit,Vegetables,37424,242284,242284,Ooty Carrot,,27,22,250 g,True,8,8,Fresh Vegetables,Carrot,https://cdn.grofers.com/da/cms-assets/cms/product/639a8d50-6295-4dab-ba2b-db90d6f2be2a.png;https://cdn.grofers.com/da/cms-assets/cms/product/359dc1a7-0cf3-4b2a-b9d5-cf82dd0ba680.png;https://cdn.grofers.com/app/images/products/common/customer_care.jpg,22,0
blinkit,Vegetables,37424,23343,23343,English Cucumber (Southekayi),,34,25,(500-600) g,True,12,12,Fresh Vegetables,Cucumber,https://cdn.grofers.com/da/cms-assets/cms/product/60c2cecc-5df5-48f4-8a55-194914079d59.png;https://cdn.grofers.com/da/cms-assets/cms/product/21ba8253-76bb-41ae-ba9d-d02e2df111bb.png;https://cdn.grofers.com/da/cms-assets/cms/product/74855d88-fd28-494b-a19c-0f00bc1f58ea.png;https://cdn.grofers.com/da/cms-assets/cms/product/2df3d6f2-12f4-4f0c-b0b9-62fd14eb9d87.png;https://cdn.grofers.com/app/images/products/common/customer_care.jpg,23,0
blinkit,Vegetables,37424,341330,341330,Totapuri Raw Mango (Mavina Kaayi),,21,15,(700-900) g,True,26,26,Fresh Fruits,Raw Mango,https://cdn.grofers.com/da/cms-assets/cms/product/64708e70-2144-47bc-bfd3-305c995eb0ff.png;https://cdn.grofers.com/da/cms-assets/cms/product/f6d67625-2607-4781-a4ec-8af9b457ad25.png;https://cdn.grofers.com/da/cms-assets/cms/product/39574ea0-1aa7-41d5-b0d2-fbc8ee6e0e8d.png;https://cdn.grofers.com/da/cms-assets/cms/product/9e52c343-8cac-4b48-b606-09a5fd3276c0.png;https://cdn.grofers.com/da/cms-assets/cms/product/944108cb-a695-4089-a617-1941d7362e6a.png;https://cdn.grofers.com/app/images/products/common/customer_care.jpg,24,0
blinkit,Vegetables,37424,365431,365431,Mint Leaves (Without Roots) (Pudina Soppu),,89,15,100 g,True,6,6,Leafies & Herbs,Mint Leaves,https://cdn.grofers.com/app/assets/products/sliding_images/jpeg/b2a44efa-f3e4-4db8-8b1a-a1e10c9da956.jpg?ts=1711473368;https://cdn.grofers.com/app/assets/products/sliding_images/jpeg/f0538322-4e64-483b-9845-fcbcf54df43c.jpg?ts=1711473368;https://cdn.grofers.com/app/assets/products/sliding_images/jpeg/e61b44f6-9035-4078-8978-bb905fcc8263.jpg?ts=1711473368;https://cdn.grofers.com/app/assets/products/sliding_images/jpeg/3463d04d-2136-4d3b-bbd3-e5597a650d00.jpg,25,0
blinkit,Vegetables,37424,22982,22982,Haricot Beans (Hurulikayi),,36,28,250 g,True,24,24,Fresh Vegetables,Beans,https://cdn.grofers.com/app/assets/products/sliding_images/jpeg/57535480-3faa-4725-9621-63555cd9035b.jpg?ts=1707557500;https://cdn.grofers.com/app/images/products/sliding_image/22982b.jpg?ts=1690813550,26,0
blinkit,Vegetables,37424,3952,3952,Sweet Potato (450-600) g (Hasi Genasu),,31,23,(450-600) g,True,10,10,Fresh Vegetables,Sweet Potato,https://cdn.grofers.com/app/assets/products/sliding_images/jpeg/185bc66d-57f1-4d60-818c-3ad4a52e09f3.jpg?ts=1732710610;https://cdn.grofers.com/da/cms-assets/cms/product/ce96c37f-b00c-4a44-a098-a9b806e5306c.jpg?ts=1732711399;https://cdn.grofers.com/app/assets/products/sliding_images/jpeg/af1bbd1b-89e0-4925-91e1-54c8c780ac18.jpg?ts=1732710610;https://cdn.grofers.com/app/assets/products/sliding_images/jpeg/fce3a6b8-8978-4c2f-b35a-4d2c607410ef.jpg?ts=1732710610;https://cdn.grofers.com/da/cms-assets/cms/product/eec14baa-1401-42c4-badc-c29b3ffcfaa0.jpg?ts=1732710610;https://cdn.grofers.com/app/assets/products/sliding_images/jpeg/99599118-2063-4e56-ae32-a65067706a27.jpg?ts=1732710610,27,0
blinkit,Vegetables,37424,253317,253317,Button Mushroom (Anabe),,62,49,(180-200) g,True,3,3,Fresh Vegetables,Mushroom,https://cdn.grofers.com/app/assets/products/sliding_images/jpeg/ee1b5a5a-5c29-4060-93a6-60a794600cd1.jpg?ts=1716344812;https://cdn.grofers.com/app/assets/products/sliding_images/jpeg/11a2e041-c3ba-40e2-be3a-1181620b4108.jpg?ts=1716344813;https://cdn.grofers.com/app/assets/products/sliding_images/jpeg/86bb0196-2030-439e-af61-31aac914d5df.jpg?ts=1716344813;https://cdn.grofers.com/app/assets/products/sliding_images/jpeg/2f73bc09-6e7d-4d23-91b5-0be628e191fe.jpg?ts=1716344814;https://cdn.grofers.com/app/assets/products/sliding_images/jpeg/bcdb0636-6e44-4f2b-b1c4-b80bb20a50b3.jpg,28,0
blinkit,Vegetables,37424,365421,365421,Coriander (Without Roots) (Kottambari Soppu),,89,12,100 g,True,15,15,Leafies & Herbs,Coriander,https://cdn.grofers.com/da/cms-assets/cms/product/d1a28a56-0f92-4794-98c6-685e3a2a0185.jpg?ts=1750397347;https://cdn.grofers.com/da/cms-assets/cms/product/01a36c1c-626d-457e-88e1-f47c24bdf17f.jpg?ts=1750071080;https://cdn.grofers.com/da/cms-assets/cms/product/08127336-ac07-4c07-be27-50c1f5d9e99a.jpg?ts=1750071080,29,0
blinkit,Vegetables,37424,339152,339152,Cabbage (Yele Kosu),,27,21,1 piece (400-600 g),True,7,7,Fresh Vegetables,Cabbage,https://cdn.grofers.com/app/assets/products/sliding_images/jpeg/9a806b4f-1793-465f-a3ae-b3b221acbfb9.jpg?ts=1711016570;https://cdn.grofers.com/app/assets/products/sliding_images/jpeg/f6289139-b590-40a2-b294-34ae1eca2e77.jpg?ts=1711016570;https://cdn.grofers.com/app/assets/products/sliding_images/jpeg/9e61ed60-d76c-4ff3-a922-b5ddbdd7ad43.jpg?ts=1711016570;https://cdn.grofers.com/app/assets/products/sliding_images/jpeg/23c9fbf0-2e44-43ba-8ae4-e0db65d007d9.jpg,30,0
blinkit,Vegetables,37424,602184,602184,Organically Grown Chilli - 100 g (Menasinakayi),Green Earth,28,21,100 g,True,9,9,Certified Organic,Chilli,https://cdn.grofers.com/da/cms-assets/cms/product/69fb216e-cff9-4c94-81d3-8005c34b772e.jpg?ts=1737027090;https://cdn.grofers.com/da/cms-assets/cms/product/071166b6-5234-4afd-afb1-f36935c516e3.jpg?ts=1737027090;https://cdn.grofers.com/da/cms-assets/cms/product/6dc2bcbc-b800-42b0-9145-60e08f663bc8.jpg?ts=1737027090,31,0
blinkit,Vegetables,37424,428608,428608,Amla (Nelli Kai),,38,28,250 g,True,2,2,Fresh Vegetables,Amla,https://cdn.grofers.com/da/cms-assets/cms/product/55bf4825-4b46-47b1-a35f-eb4c48cc9413.jpg?ts=1737976294;https://cdn.grofers.com/da/cms-assets/cms/product/512fa447-c25c-48aa-a52c-064e14cfd2ec.jpg?ts=1737976295;https://cdn.grofers.com/da/cms-assets/cms/product/bd5ea2f4-8054-409b-8a8f-e2ea74d28a12.jpg?ts=1737976295;https://cdn.grofers.com/da/cms-assets/cms/product/67262943-b586-470e-afe1-2b78ae018765.jpg?ts=1737976296,32,0
blinkit,Vegetables,37424,217595,217595,Green Capsicum 500 g (Dappa Menasinakayi),,39,31,500 g,True,5,5,Fresh Vegetables,Capsicum,https://cdn.grofers.com/app/assets/products/sliding_images/jpeg/55a3d8d4-4234-4ff5-a7cd-25df6e2dccde.jpg?ts=1711024454;https://cdn.grofers.com/app/assets/products/sliding_images/jpeg/2d046cb3-edeb-4b1e-b73b-72b6be896a4f.jpg?ts=1711024454;https://cdn.grofers.com/app/assets/products/sliding_images/jpeg/e1412336-3663-49d0-a06a-31421bc49caa.jpg?ts=1711024454;https://cdn.grofers.com/app/assets/products/sliding_images/jpeg/30b1836c-6fe0-46e0-81ac-d7baa7710608.jpg,33,0
blinkit,Vegetables,37424,602584,602584,Organically Grown Ginger - 100 g (Shunti),Green Earth,24,19,100 g,True,5,5,Certified Organic,Ginger,https://cdn.grofers.com/da/cms-assets/cms/product/8393ee7e-808b-40dc-bd75-b656241105ed.jpg?ts=1750933767;https://cdn.grofers.com/da/cms-assets/cms/product/717d6b2b-6f65-4151-8545-e64884477129.jpg?ts=1750933767;https://cdn.grofers.com/da/cms-assets/cms/product/21bae393-77ed-4007-b1cc-46641069622b.jpg?ts=1750933767,34,0
blinkit,Vegetables,37424,145447,145447,Sambhar Onion (Eerulli),,33,27,250 g,True,8,8,Fresh Vegetables,Onion,https://cdn.grofers.com/app/images/products/sliding_image/145447a.jpg?ts=1690814755;https://cdn.grofers.com/app/images/products/sliding_image/145447b.jpg?ts=1690814755,35,0
blinkit,Vegetables,37424,332744,332744,Spinach (Basale Soppu / Palak Soppu),,22,18,200 g,True,9,9,Leafies & Herbs,Spinach,https://cdn.grofers.com/da/cms-assets/cms/product/205bdf41-3adb-4dbe-80d9-cd5a20a72390.jpg?ts=1745410346;https://cdn.grofers.com/da/cms-assets/cms/product/ee6c9c5a-2c2e-4902-a9fa-fe9051f42808.jpg?ts=1745410347;https://cdn.grofers.com/da/cms-assets/cms/product/eec36d73-da5f-4358-a8b1-63a183cf1a98.jpg?ts=1745410347;https://cdn.grofers.com/da/cms-assets/cms/product/7e3ca75a-0b9a-4a5e-bb15-825254b90943.jpg?ts=1745410348,36,0
blinkit,Vegetables,37424,4916,4916,French Beans - 250 g (Hurulikayi),,29,23,250 g,True,4,4,Fresh Vegetables,Beans,https://cdn.grofers.com/app/assets/products/sliding_images/jpeg/8f6c6e3a-91de-4469-b685-eb25289650fc.jpg?ts=1711100796;https://cdn.grofers.com/app/assets/products/sliding_images/jpeg/28b8a86a-c772-4412-af90-e5ed1d395e09.jpg?ts=1711100796;https://cdn.grofers.com/da/cms-assets/cms/product/7b69aa79-81f1-483e-8b9f-bf3aadc17c25.jpg?ts=1745059828;https://cdn.grofers.com/app/assets/products/sliding_images/jpeg/f1494dee-b445-4586-9be2-7d0420f2ff1d.jpg,37,0
blinkit,Vegetables,37424,445188,445188,Corn Cob (Jola),,30,24,1 piece,True,22,22,Fresh Vegetables,Corn,https://cdn.grofers.com/da/cms-assets/cms/product/13960315-9d25-4de8-b476-d5b736b72175.jpg?ts=1751283791;https://cdn.grofers.com/da/cms-assets/cms/product/d247e538-d37c-4186-bb8e-e5a3dfca3ece.jpg?ts=1751283791;https://cdn.grofers.com/da/cms-assets/cms/product/3d2a77dc-ed1d-4a11-aada-0522ad9f1901.jpg?ts=1751283791;https://cdn.grofers.com/da/cms-assets/cms/product/edf0d237-ba67-4cbf-989c-271f659059ad.jpg?ts=1751283791;https://cdn.grofers.com/da/cms-assets/cms/product/17d6d8da-3781-4ad1-b471-464f839073e5.jpg,38,0
blinkit,Vegetables,37424,10095,10095,Cowpea Beans (Alasande Kayi),,22,17,250 g,True,1,1,Fresh Vegetables,Beans,https://cdn.grofers.com/app/assets/products/sliding_images/jpeg/8c806814-9fa7-418f-95b5-403a621518f4.jpg?ts=1717607558;https://cdn.grofers.com/app/assets/products/sliding_images/jpeg/d1d4e712-4051-4ed9-ba86-b47b4a03ecea.jpg?ts=1717607559;https://cdn.grofers.com/app/assets/products/sliding_images/jpeg/5039bdd1-4013-4059-ac5f-d8f756185c0e.jpg;https://cdn.grofers.com/app/assets/products/sliding_images/jpeg/497c3211-6a08-466a-922f-e2f203411da6.jpg,39,0
blinkit,Vegetables,37424,23376,23376,Drumstick (Nuggekaayi),,27,20,2 pieces,True,7,7,Fresh Vegetables,Drumstick,https://cdn.grofers.com/app/assets/products/sliding_images/jpeg/39f745ca-3bb3-49fe-8bd4-2b3fd65a1a31.jpg?ts=1707557501;https://cdn.grofers.com/app/images/products/sliding_image/23376b.jpg?ts=1691671086,40,0
blinkit,Vegetables,37424,632536,632536,Organically Grown Green Capsicum - 250 g,Green Earth,50,38,250 g,True,10,10,Certified Organic,Capsicum,https://cdn.grofers.com/da/cms-assets/cms/product/dea6d48d-536f-43c8-b272-e55ed43791e5.jpg;https://cdn.grofers.com/da/cms-assets/cms/product/411bb114-202b-4179-862f-cc983becee95.jpg;https://cdn.grofers.com/da/cms-assets/cms/product/37be82ce-0f66-43d7-bfe6-19dcfc8675ad.jpg,41,0
blinkit,Vegetables,37424,355012,355012,Spring Onion (Eerulli Soppu),,35,27,250 g,True,7,7,Leafies & Herbs,Spring Onion,https://cdn.grofers.com/app/assets/products/sliding_images/jpeg/16dd1505-d734-4f0b-815b-e87180621a6c.jpg?ts=1711473367;https://cdn.grofers.com/app/assets/products/sliding_images/jpeg/14664e37-d731-41c0-9b76-03a3ea897f42.jpg?ts=1711473367;https://cdn.grofers.com/app/assets/products/sliding_images/jpeg/d7f11d15-0a6c-4584-a574-14e3c0d77ae1.jpg?ts=1711473367;https://cdn.grofers.com/app/assets/products/sliding_images/jpeg/1a288fa5-e457-4406-b2ec-1c8bfa8809d2.jpg?ts=1711473367,42,0
blinkit,Vegetables,37424,271992,271992,Broccoli (Kosugadde),,102,79,1 piece (200-300 g),True,7,7,Exotics,Broccoli,https://cdn.grofers.com/da/cms-assets/cms/product/df72484d-9e10-4db0-b4d9-8fa55049aeac.jpg?ts=1750059773;https://cdn.grofers.com/da/cms-assets/cms/product/0adb9c60-0f21-49bf-b410-ac66492ba0f5.jpg?ts=1750059773,43,0
blinkit,Vegetables,37424,4926,4926,Baby Potato (Baby Alugadde),,33,24,500 g,True,8,8,Fresh Vegetables,Potato,https://cdn.grofers.com/app/assets/products/sliding_images/jpeg/5ea2c639-9f8d-43dc-964a-6447b1d73320.jpg?ts=1711472718;https://cdn.grofers.com/app/assets/products/sliding_images/jpeg/e526e9fd-36bd-4a6c-ac78-9732ded7010c.jpg?ts=1711472718;https://cdn.grofers.com/app/assets/products/sliding_images/jpeg/5c739f13-ff99-46cf-ad93-dfb95e1cb0f9.jpg?ts=1711472718;https://cdn.grofers.com/app/assets/products/sliding_images/jpeg/3a6f2e76-af0f-4a7c-b77b-150cd489d645.jpg?ts=1711472719,44,0
blinkit,Vegetables,37424,217614,217614,Bottle Gourd (Sore Kayi),,31,25,1 piece (400-600 g),True,1,1,Fresh Vegetables,Bottle Gourd,https://cdn.grofers.com/da/cms-assets/cms/product/ed7caf57-c3cd-4268-b5f8-753a744233e4.jpg?ts=1745410335;https://cdn.grofers.com/da/cms-assets/cms/product/b14a8373-d01b-455b-a1de-d63a6b5d9d85.jpg?ts=1745410335;https://cdn.grofers.com/da/cms-assets/cms/product/4f7457d9-b290-4bcc-87d5-4c530772069c.jpg?ts=1745410336;https://cdn.grofers.com/da/cms-assets/cms/product/d64d2112-ab0c-4e59-a177-3fb2a47c94ab.jpg?ts=1745410336;https://cdn.grofers.com/da/cms-assets/cms/product/2f2cbdde-db6f-483b-bc10-91768d25c109.jpg?ts=1745410337,45,0
blinkit,Vegetables,37424,9098,9098,Brinjal Bharta (Badanekayi),,55,40,(500-700) g,True,6,6,Fresh Vegetables,Brinjal,https://cdn.grofers.com/app/assets/products/sliding_images/jpeg/8f60b208-3cfc-4b72-8209-477fb69412f6.jpg?ts=1711440867;https://cdn.grofers.com/app/assets/products/sliding_images/jpeg/cd4c1f2d-e905-486b-b0b8-be2b79c7f9c8.jpg?ts=1711440867;https://cdn.grofers.com/app/assets/products/sliding_images/jpeg/889d5554-c7d0-4fa4-b16f-2885561a5cea.jpg;https://cdn.grofers.com/app/assets/products/sliding_images/jpeg/530894ca-dc02-48f2-bba0-5fc86f518b32.jpg,46,0
blinkit,Vegetables,37424,525536,525536,Whole Farm Premium Red Chilli Whole (Menasinakayi),Whole Farm,75,33,100 g,True,11,11,Whole Spices,Chilli Whole,https://cdn.grofers.com/app/images/products/sliding_image/525536a.jpg;https://cdn.grofers.com/da/cms-assets/cms/product/94977f13-3674-47b9-b6ca-daac3690a788.jpg?ts=1743764633;https://cdn.grofers.com/app/images/products/sliding_image/525536c.jpg;https://cdn.grofers.com/app/images/products/sliding_image/525536d.jpg,47,4.641000
blinkit,Vegetables,37424,508001,508001,Peeled Garlic (Bellulli),,150,50,100 g,True,7,7,Freshly Cut & Sprouts,Garlic,https://cdn.grofers.com/app/assets/products/sliding_images/jpeg/557e0dd1-5cc7-44cc-b89d-7bf646c3c9aa.jpg?ts=1712255454;https://cdn.grofers.com/app/assets/products/sliding_images/jpeg/8dd5c00b-f962-4d19-946a-e8b6f3f644a7.jpg?ts=1712255455;https://cdn.grofers.com/app/assets/products/sliding_images/jpeg/fdc71e1a-bde8-4340-b538-ac31db7585ce.jpg?ts=1712255457;https://cdn.grofers.com/app/assets/products/sliding_images/jpeg/7fa1c2d3-00d7-4949-893c-06f9b06f876a.jpg,48,0
blinkit,Vegetables,37424,602591,602591,Organically Grown Green Cucumber - 500 g (Southekayi),Green Earth,49,39,500 g,True,5,5,Certified Organic,Cucumber,https://cdn.grofers.com/da/cms-assets/cms/product/10b777db-c806-4043-a630-3b3ffa4d173f.jpg?ts=1737027097;https://cdn.grofers.com/da/cms-assets/cms/product/1a7fde56-c306-48c8-9d2a-6d8531be7947.jpg?ts=1737027097;https://cdn.grofers.com/da/cms-assets/cms/product/6b70ec64-4140-43f0-ab5b-6cb68ac421d5.jpg?ts=1737027098,49,0
blinkit,Vegetables,37424,421747,421747,Radish (Moolangi),,26,19,(500-600) g,True,5,5,Fresh Vegetables,Radish,https://cdn.grofers.com/app/assets/products/sliding_images/jpeg/74094d0b-b147-46ff-bd8f-3c9a64dc66ec.jpg?ts=1726561108;https://cdn.grofers.com/app/assets/products/sliding_images/jpeg/df1586b0-2cf1-4bd8-b049-a145cde6fe00.jpg?ts=1726561109;https://cdn.grofers.com/app/assets/products/sliding_images/jpeg/102753b3-c5e5-4bc8-9b26-404784f6bf6c.jpg?ts=1726561111;https://cdn.grofers.com/app/assets/products/sliding_images/jpeg/d2ca12f7-3f54-4d4d-9693-2e1abfda81e5.jpg?ts=1726561112;https://cdn.grofers.com/app/assets/products/sliding_images/jpeg/7cdda660-6a8e-4c77-b233-c013c02acdf7.jpg,50,0
blinkit,Vegetables,37424,425780,425780,Pointed Gourd (250 g) (Thondekaayi),,56,40,250 g,True,4,4,Fresh Vegetables,Pointed Gourd,https://cdn.grofers.com/app/assets/products/sliding_images/jpeg/a920aeec-b81e-48b2-b456-47f2c899eada.jpg?ts=1714120677;https://cdn.grofers.com/app/assets/products/sliding_images/jpeg/63cc79df-8948-4aaa-b61d-f0833c2a126d.jpg?ts=1714120678;https://cdn.grofers.com/app/assets/products/sliding_images/jpeg/3cad0f6c-1cd0-4649-a666-750d8b69b4e6.jpg;https://cdn.grofers.com/app/assets/products/sliding_images/jpeg/37d19bb9-f4cd-40f4-8955-7554e117f513.jpg,51,0
blinkit,Vegetables,37424,28390,28390,Safal Frozen Green Peas,Safal,135,117,500 g,True,8,8,Frozen Peas & Corn,Frozen Green Peas,https://cdn.grofers.com/app/assets/products/sliding_images/jpeg/78b2ad59-e240-4a53-8e9d-10d0fbebf575.jpg?ts=1723098387;https://cdn.grofers.com/app/images/products/sliding_image/28390b.jpg?ts=1690814036;https://cdn.grofers.com/app/images/products/sliding_image/28390c.jpg?ts=1690814036;https://cdn.grofers.com/app/images/products/sliding_image/28390d.jpg?ts=1690814036;https://cdn.grofers.com/app/images/products/sliding_image/28390e.jpg?ts=1690814036,52,4.653000
blinkit,Vegetables,37424,3924,3924,Cluster Beans (Gorikayi),,21,16,250 g,True,5,5,Fresh Vegetables,Beans,https://cdn.grofers.com/app/assets/products/sliding_images/jpeg/946fe028-974b-4693-8ee3-5b2b4d19ea43.jpg?ts=1714120655;https://cdn.grofers.com/app/assets/products/sliding_images/jpeg/50694e62-27f2-42ed-9cb3-982e4112d5c6.jpg?ts=1714120655;https://cdn.grofers.com/app/assets/products/sliding_images/jpeg/f8cbf6cf-914d-4592-b365-be20e81f5feb.jpg;https://cdn.grofers.com/app/assets/products/sliding_images/jpeg/c707254b-9cfe-4365-b835-a6ceb30757b7.jpg,53,0
blinkit,Vegetables,37424,14784,14784,Green Pumpkin (Kumbalakayi),,43,31,1 piece (400-600 g),True,2,2,Fresh Vegetables,Pumpkin,https://cdn.grofers.com/app/assets/products/sliding_images/jpeg/f3e6a9cd-0799-43a7-bfe9-051b3dec5848.jpg?ts=1711961201;https://cdn.grofers.com/app/assets/products/sliding_images/jpeg/18a2a0e8-b045-4c97-9c64-8932b10f8b19.jpg?ts=1711961201,54,0
blinkit,Vegetables,37424,447622,447622,Knol Khol (Navilu Kosu),,31,24,500 g,True,4,4,Fresh Vegetables,Knol Khol,https://cdn.grofers.com/da/cms-assets/cms/product/aa0c9117-ae09-4286-a67e-b81110cf1d37.jpg?ts=1741506600;https://cdn.grofers.com/da/cms-assets/cms/product/efa05be2-86ed-41cf-bdb9-e41c3ff76757.jpg?ts=1732162351;https://cdn.grofers.com/da/cms-assets/cms/product/231b2d22-a8c4-4d59-8f0c-d7a2eb6d0f63.jpg;https://cdn.grofers.com/da/cms-assets/cms/product/76b220c8-bbf5-42d1-942b-163a4a0e762b.jpg,55,0
blinkit,Vegetables,37424,602593,602593,Organically Grown Kadi Patta Curry Leaves (Karibevina Soppu),Green Earth,18,15,50 g,True,3,3,Certified Organic,Curry Leaves,https://cdn.grofers.com/da/cms-assets/cms/product/e69d1fa8-07df-4984-84e7-f9a4f7906cdf.jpg?ts=1750934015;https://cdn.grofers.com/da/cms-assets/cms/product/0e6b8b07-9707-444e-b179-60bc50d40315.jpg?ts=1750934015;https://cdn.grofers.com/da/cms-assets/cms/product/2c466fa8-510d-47dc-b0ef-a1d686668e57.jpg?ts=1750934015,56,0
blinkit,Vegetables,37424,599305,599305,Organically Grown Bottle Gourd - 1 piece (400 - 600) g (Sore Kayi),UB Organic,71,57,1 piece (400-600 g),True,3,3,Certified Organic,Bottle Gourd,https://cdn.grofers.com/da/cms-assets/cms/product/6f28044a-3070-450f-a09c-756a968dcb87.jpg?ts=1735404251;https://cdn.grofers.com/da/cms-assets/cms/product/2ba460fe-db71-429f-8f63-1067b2f675ce.jpg?ts=1735404251,57,0
blinkit,Vegetables,37424,443549,443549,Iceberg Lettuce (Letis Soppu),,67,50,(250-350) g,True,3,3,Exotics,Lettuce,https://cdn.grofers.com/da/cms-assets/cms/product/8a04791f-8d78-493a-9d69-1348466b9b54.jpg?ts=1742015669;https://cdn.grofers.com/da/cms-assets/cms/product/a6a98bfa-6c16-484e-bc28-e6f1b4389dd5.jpg?ts=1742015669;https://cdn.grofers.com/da/cms-assets/cms/product/c794aecb-bebc-4546-9883-7c482f7934be.jpg?ts=1742015669;https://cdn.grofers.com/da/cms-assets/cms/product/7ec30974-aaca-42e5-a8e9-6611d37ad6d3.jpg?ts=1742015669;https://cdn.grofers.com/da/cms-assets/cms/product/54ce1a34-2c96-46e3-b7ee-ef6b65479195.jpg?ts=1742015669,58,0
blinkit,Vegetables,37424,39394,39394,Red Bell Pepper (Kempu Dappa Menasina Kaayi),,47,35,1 piece (125-175 g),True,3,3,Exotics,Bell Pepper,https://cdn.grofers.com/app/assets/products/sliding_images/jpeg/2cf767f3-867a-4330-a319-b9c6ebc81613.jpg?ts=1711472824;https://cdn.grofers.com/app/assets/products/sliding_images/jpeg/c6a26c6e-aa10-4032-8aaa-901e304b4c9f.jpg?ts=1711472824;https://cdn.grofers.com/app/assets/products/sliding_images/jpeg/0fb1fcaa-7147-4e69-9724-cc1a59601ced.jpg?ts=1711472824;https://cdn.grofers.com/app/assets/products/sliding_images/jpeg/ff2113a6-baf7-414a-8696-af721db56b7b.jpg;https://cdn.grofers.com/app/assets/products/sliding_images/jpeg/94e0e9bd-40d9-459f-8a6e-6f0dd62470fd.jpg,59,0
blinkit,Vegetables,37424,344275,344275,Green Lettuce (Letis Soppu),,70,51,(150-200) g,True,4,4,Exotics,Lettuce,https://cdn.grofers.com/app/images/products/sliding_image/344275a.jpg?ts=1696330730;https://cdn.grofers.com/app/assets/products/sliding_images/jpeg/d6d87b6c-4ef4-44df-b591-16849463803b.jpg?ts=1712576827;https://cdn.grofers.com/app/assets/products/sliding_images/jpeg/ffa54025-29ad-461e-8219-1202402251c0.jpg?ts=1712576827,60,0
blinkit,Vegetables,37424,438489,438489,Picador Chilli (Menasinakayi),,17,14,250 g,True,2,2,Fresh Vegetables,Chilli,https://cdn.grofers.com/app/assets/products/sliding_images/jpeg/f842fd1d-dbef-44fd-8c06-6f652b66f9b0.jpg?ts=1734847343;https://cdn.grofers.com/app/assets/products/sliding_images/jpeg/53b4684e-ab87-45dd-b087-f774dbcd8ffe.jpg?ts=1734847343;https://cdn.grofers.com/app/assets/products/sliding_images/jpeg/e17d4daf-1662-4eea-a3c1-3a50fc1cab8b.jpg?ts=1734847343;https://cdn.grofers.com/app/assets/products/sliding_images/jpeg/b8767ccd-ce3b-4568-9f08-cc3a4f669dd5.jpg?ts=1734847343,61,0
blinkit,Vegetables,37424,609555,609555,Organically Grown Tomato - 500 g (Tomaato),Bhoomi Farms,43,34,500 g,True,6,6,Certified Organic,Tomato,https://cdn.grofers.com/da/cms-assets/cms/product/f211607a-bad3-4d1b-87c3-d2471356db7c.jpg?ts=1745992054;https://cdn.grofers.com/da/cms-assets/cms/product/7726fead-a75d-4cdc-b9a8-bd2903096b23.jpg?ts=1745992054;https://cdn.grofers.com/da/cms-assets/cms/product/4e20db71-71a1-490e-ba1e-e0e040fe8594.jpg;https://cdn.grofers.com/da/cms-assets/cms/product/7b453b43-483a-4404-a456-952aaf898078.jpg,62,0
blinkit,Vegetables,37424,379584,379584,SPT Frozen Green Peas,SPT,169,86,500 g,True,1,1,Frozen Peas & Corn,Frozen Green Peas,https://cdn.grofers.com/app/assets/products/sliding_images/jpeg/85d6c9b6-42c2-4de6-9170-f94ac2f73346.jpg?ts=1723375307;https://cdn.grofers.com/app/images/products/sliding_image/379584b.jpg?ts=1690812449;https://cdn.grofers.com/app/images/products/sliding_image/379584c.jpg?ts=1690812449;https://cdn.grofers.com/app/images/products/sliding_image/379584d.jpg?ts=1690812449;https://cdn.grofers.com/app/images/products/sliding_image/379584e.jpg?ts=1690812449;https://cdn.grofers.com/app/images/products/sliding_image/379584f.jpg?ts=1690812449,63,4.601000
blinkit,Vegetables,37424,403082,403082,SPT Frozen Green Peas - Pack of 2,SPT,338,160,2 x 500 g,True,0,0,Frozen Peas & Corn,Frozen Green Peas,https://cdn.grofers.com/da/cms-assets/cms/product/769e7927-eb78-4271-b5a2-572efd0abad1.jpg?ts=1747396654;https://cdn.grofers.com/da/cms-assets/cms/product/9f5c7b35-4355-4d9d-908c-e38a8319edda.jpg?ts=1747396651;https://cdn.grofers.com/da/cms-assets/cms/product/7d733dcb-97b8-4334-b2b4-45006160c8ca.jpg?ts=1747396652;https://cdn.grofers.com/da/cms-assets/cms/product/c9de99c2-3b83-47ef-8510-616332f74525.jpg;https://cdn.grofers.com/da/cms-assets/cms/product/15306f74-d9a9-4569-985c-3298835035c2.jpg;https://cdn.grofers.com/da/cms-assets/cms/product/237fb699-b4db-40cc-a99d-6b86e6ccd2b3.jpg,63,4.510000
blinkit,Vegetables,37424,443547,443547,Raw Papaya (Parangi Kaayi),,41,31,1 piece (400-600 g),True,3,3,Fresh Vegetables,Raw Papaya,https://cdn.grofers.com/app/assets/products/sliding_images/jpeg/77210005-8f45-4f24-89ea-35264fa9dd3a.jpg?ts=1711442641;https://cdn.grofers.com/app/assets/products/sliding_images/jpeg/29a9c1b0-1a7a-4555-abcd-058c83dc6e3f.jpg?ts=1711442641;https://cdn.grofers.com/app/assets/products/sliding_images/jpeg/a89f2c10-0799-4460-a958-307ce50d6eb8.jpg?ts=1711442641;https://cdn.grofers.com/app/assets/products/sliding_images/jpeg/f31b6381-2327-4bc9-9bac-11240612ddfa.jpg?ts=1711442641;https://cdn.grofers.com/app/assets/products/sliding_images/jpeg/001f143d-b20a-4495-a982-40c870756b0b.jpg?ts=1711442641,64,0
blinkit,Vegetables,37424,333869,333869,Malabar Spinach (Basale Soppu / Palak Soppu),,23,19,250 g,True,3,3,Leafies & Herbs,Spinach,https://cdn.grofers.com/app/images/products/sliding_image/333869a.jpg;https://cdn.grofers.com/app/images/products/sliding_image/333869b.jpg,65,0
blinkit,Vegetables,37424,162320,162320,Raw Banana (Baale Kayi),,62,45,3 pieces,True,3,3,Fresh Vegetables,Raw Banana,https://cdn.grofers.com/app/assets/products/sliding_images/jpeg/1a19848c-f447-4a7b-b195-d8b026c4a24e.jpg?ts=1711472827;https://cdn.grofers.com/app/assets/products/sliding_images/jpeg/e5cca315-a845-430a-9327-685e37caf861.jpg?ts=1711472827;https://cdn.grofers.com/app/assets/products/sliding_images/jpeg/c5cf5cc4-a831-46e0-b3f6-0fe5f0ca1918.jpg?ts=1711472827;https://cdn.grofers.com/app/assets/products/sliding_images/jpeg/9080b6e3-4282-4196-b29c-d5683fdd8444.jpg,66,0
blinkit,Vegetables,37424,3928,3928,Broad Beans 250 g (Avarekai),,27,20,250 g,True,2,2,Fresh Vegetables,Beans,https://cdn.grofers.com/app/assets/products/sliding_images/jpeg/4988a375-ccc1-41ca-98d1-effd698f8a76.jpg?ts=1708587809;https://cdn.grofers.com/da/cms-assets/cms/product/2b2d9dbe-b9e6-4b06-9d23-431b75466038.jpg?ts=1730913698;https://cdn.grofers.com/da/cms-assets/cms/product/f66f89de-c1c9-498b-9b53-14be3477d5e2.jpg?ts=1730913699,67,0
blinkit,Vegetables,37424,312160,312160,Spinach (without roots) (Basale Soppu / Palak Soppu),,34,25,200 g,True,2,2,Leafies & Herbs,Spinach,https://cdn.grofers.com/da/cms-assets/cms/product/837f0b93-1b9d-4322-b7be-dbf3930c72f5.jpg?ts=1745410340;https://cdn.grofers.com/da/cms-assets/cms/product/7d3077f6-3b4b-483e-9c40-3eb5cb1de271.jpg?ts=1745410341;https://cdn.grofers.com/da/cms-assets/cms/product/742a3a48-9d3b-4d4d-9de1-b3cc092a37d7.jpg?ts=1745410342;https://cdn.grofers.com/da/cms-assets/cms/product/f969d32b-ca95-4966-81b7-3624a22096a6.jpg?ts=1745410342;https://cdn.grofers.com/da/cms-assets/cms/product/05dd3df9-e5f6-4a20-aa57-f1f164daad1e.jpg?ts=1745410343,68,0
blinkit,Vegetables,37424,23379,23379,Sweet Corn - Packet (Sihi Corn),,75,36,(180-200) g,True,1,1,Freshly Cut & Sprouts,Sweet Corn,https://cdn.grofers.com/app/assets/products/sliding_images/jpeg/bc557199-ca1a-4687-9e49-9a0f4469a43d.jpg?ts=1711442493;https://cdn.grofers.com/app/assets/products/sliding_images/jpeg/c067cdd7-5edd-409a-bca8-5e3d9fa9a345.jpg?ts=1711442493;https://cdn.grofers.com/app/assets/products/sliding_images/jpeg/2fdd7af3-721c-4647-bcca-f909a4e9bda3.jpg?ts=1711442493;https://cdn.grofers.com/app/assets/products/sliding_images/jpeg/3ad4730d-1b62-4754-824f-bb856a598e60.jpg?ts=1711442493;https://cdn.grofers.com/app/assets/products/sliding_images/jpeg/e9f85988-d42e-4ba4-97db-b1bd7955dbbb.jpg?ts=1711442493,69,0
blinkit,Vegetables,37424,602177,602177,Organically Grown Beetroot - 250 g,Green Earth,47,34,250 g,True,4,4,Certified Organic,Beetroot,https://cdn.grofers.com/da/cms-assets/cms/product/2de3d333-96e4-4c71-84d4-3eda3c864795.jpg?ts=1750933546;https://cdn.grofers.com/da/cms-assets/cms/product/8ee432ae-3f3e-4d11-95cd-7102b42bd9f4.jpg?ts=1750933546;https://cdn.grofers.com/da/cms-assets/cms/product/229e87b3-ef10-470d-836c-d21060316298.jpg?ts=1750933546,70,0
blinkit,Vegetables,37424,369013,369013,Ridge Gourd (Heerekayi),,40,32,(500-600) g,True,3,3,Fresh Vegetables,Ridge Gourd,https://cdn.grofers.com/app/assets/products/sliding_images/jpeg/6a5b2806-bdf1-489f-a31b-6581c5a2a0a0.jpg?ts=1726553710;https://cdn.grofers.com/app/assets/products/sliding_images/jpeg/b72c4506-d381-49f2-93ea-b011595fbed8.jpg?ts=1726553711;https://cdn.grofers.com/app/assets/products/sliding_images/jpeg/e205232f-1045-4f60-93a1-71573ed80638.jpg?ts=1726553712;https://cdn.grofers.com/app/assets/products/sliding_images/jpeg/75c4eee0-4ae2-4439-bbed-e1583cec385d.jpg?ts=1726553713,71,0
blinkit,Vegetables,37424,599240,599240,Organically Grown Lady Finger - 250 g (Bendekayi),UB Organic,45,34,250 g,True,3,3,Certified Organic,Lady Finger,https://cdn.grofers.com/da/cms-assets/cms/product/9e5aaa2d-a482-48f8-a972-79ce0b479f95.jpg?ts=1737027055;https://cdn.grofers.com/da/cms-assets/cms/product/81042210-abb4-41d6-9592-cbcfbbf5fe4b.jpg?ts=1737027055;https://cdn.grofers.com/da/cms-assets/cms/product/6679aafb-8198-42ec-a5ae-1e62b6cca903.jpg?ts=1737027055,72,0
blinkit,Vegetables,37424,595308,595308,Organically Grown Onion - 500 g (Eerulli),Vegan Farms,70,56,500 g,True,2,2,Certified Organic,Onion,https://cdn.grofers.com/da/cms-assets/cms/product/b1facb69-d112-4d54-8632-2c613aec66ce.png;https://cdn.grofers.com/da/cms-assets/cms/product/6579cdcd-c26c-420a-8c2a-ca5bf8401cc8.png;https://cdn.grofers.com/da/cms-assets/cms/product/5035ace1-17d9-4de7-9709-fefbff4c3cb4.png;https://cdn.grofers.com/app/images/products/common/customer_care.jpg,73,0
blinkit,Vegetables,37424,39395,39395,Yellow Bell Pepper (Haladi Dappa Menasina Kaayi),,47,35,1 piece (125-175 g),True,3,3,Exotics,Bell Pepper,https://cdn.grofers.com/da/cms-assets/cms/product/a6731bbf-c3aa-476e-b488-1fd5ff2da89f.png;https://cdn.grofers.com/da/cms-assets/cms/product/1b6e222a-b99a-4cf4-b7d6-247e90aa2484.png;https://cdn.grofers.com/da/cms-assets/cms/product/766fc6a2-d5d0-4a6b-aadf-e5cdadcd97c1.png;https://cdn.grofers.com/da/cms-assets/cms/product/d07044ce-dee6-4522-86b6-450788fc2270.png;https://cdn.grofers.com/app/images/products/common/customer_care.jpg,74,0
blinkit,Vegetables,37424,525537,525537,Whole Farm Premium Byadgi Chilli Whole (Menasinakayi),Whole Farm,110,47,100 g,True,6,6,Whole Spices,Chilli Whole,https://cdn.grofers.com/da/cms-assets/cms/product/da8bcbd6-c1b6-469b-a729-daa666bd23eb.png;https://cdn.grofers.com/da/cms-assets/cms/product/c2382f20-4742-4291-bb34-9a9b3ed3f47a.png;https://cdn.grofers.com/da/cms-assets/cms/product/e5d593bd-de69-4aae-9479-9c2edeb73386.png;https://cdn.grofers.com/da/cms-assets/cms/product/139e9885-a4fa-4726-85ab-102c58110d2f.png;https://cdn.grofers.com/app/images/products/common/customer_care.jpg,75,4.457000
blinkit,Vegetables,37424,529755,529755,Whole Farm Premium Byadgi Chilli Whole (Menasinakayi),Whole Farm,450,222,500 g,True,1,1,Whole Spices,Chilli Whole,https://cdn.grofers.com/da/cms-assets/cms/product/d0b62897-c964-41d5-8ea2-b193824a8cf0.png;https://cdn.grofers.com/da/cms-assets/cms/product/7d08a937-1a1a-4024-acfb-62148ef78753.png;https://cdn.grofers.com/da/cms-assets/cms/product/571076a6-6885-45fa-af2c-e4d50b1cabc5.png;https://cdn.grofers.com/da/cms-assets/cms/product/31f5ff7e-619f-41ed-a849-4780f07e3328.png;https://cdn.grofers.com/app/images/products/common/customer_care.jpg,75,4.270000
blinkit,Vegetables,37424,203822,203822,Raw Turmeric (Arishina),,103,75,250 g,True,3,3,Fresh Vegetables,Turmeric,https://cdn.grofers.com/da/cms-assets/cms/product/02df8262-1ccc-4078-a215-991a85ded7b0.png;https://cdn.grofers.com/da/cms-assets/cms/product/d09552af-4446-4ac4-b965-e85f68657124.png;https://cdn.grofers.com/da/cms-assets/cms/product/d3523412-ef22-43ae-aa79-ccb6d6d2b6f9.png;https://cdn.grofers.com/da/cms-assets/cms/product/d412a9db-13d8-445e-bd10-54eff02f815e.png;https://cdn.grofers.com/da/cms-assets/cms/product/9eddc49c-a176-49d2-93a7-6a9b3101b3c0.png;https://cdn.grofers.com/app/images/products/common/customer_care.jpg,76,0
blinkit,Vegetables,37424,118911,118911,Bitter Gourd (Hagalakayi),,50,38,500 g,True,4,4,Fresh Vegetables,Bitter Gourd,https://cdn.grofers.com/da/cms-assets/cms/product/a13c72ee-793a-40ea-8066-bbc4776e895a.png;https://cdn.grofers.com/da/cms-assets/cms/product/a2b93be9-2e80-4834-972e-e8437dafbb7c.png;https://cdn.grofers.com/da/cms-assets/cms/product/9914f3cc-a130-411b-981b-a9f4c059a24d.png;https://cdn.grofers.com/da/cms-assets/cms/product/ca0c8ea4-ebf0-487d-b1a7-51274a5bfea4.png;https://cdn.grofers.com/app/images/products/common/customer_care.jpg,77,0
blinkit,Vegetables,37424,568949,568949,Habanero Mexican Style Spicy Baked Beans In Tomato Sauce,Habanero,140,112,400 g,True,2,2,Canned Food,Baked Beans,https://cdn.grofers.com/da/cms-assets/cms/product/abd7d831-9c17-49b1-87fb-97de6ba22e64.png;https://cdn.grofers.com/da/cms-assets/cms/product/b74763f1-ff4b-4dac-ae1d-160a38252b05.png;https://cdn.grofers.com/da/cms-assets/cms/product/4471dd6f-bbe8-4d2a-a637-a441cadabde2.png;https://cdn.grofers.com/da/cms-assets/cms/product/4f72b2ca-b5ca-4f65-88b5-a97c49312665.png;https://cdn.grofers.com/da/cms-assets/cms/product/6f4f7598-ea8c-4434-9c54-ced695f8586d.png;https://cdn.grofers.com/da/cms-assets/cms/product/d3980784-04b4-4d67-b31b-07139ea4e420.png;https://cdn.grofers.com/da/cms-assets/cms/product/a8a096b8-47a7-4781-9647-a8c178fbe19b.png;https://cdn.grofers.com/da/cms-assets/cms/product/c5be8521-8e6e-4638-986f-7f63061bcf88.png;https://cdn.grofers.com/da/cms-assets/cms/product/2d6bcf98-9abe-4c84-9450-8551460bf1fa.png;https://cdn.grofers.com/app/images/products/common/customer_care.jpg,78,4.277000
blinkit,Vegetables,37424,603572,603572,Whole Farm Premium Green Dried Peas (Hasi Battani),Whole Farm,70,51,250 g,True,6,6,Dried Peas & Others,Green Dried Peas,https://cdn.grofers.com/da/cms-assets/cms/product/595c5c5d-3345-438d-bc0b-1b841bc78d86.png;https://cdn.grofers.com/da/cms-assets/cms/product/43c4acb4-525b-4b27-8f4a-4a01b5da7589.png;https://cdn.grofers.com/da/cms-assets/cms/product/24f3b674-6f2b-42fa-b5b2-ece6be341972.png;https://cdn.grofers.com/da/cms-assets/cms/product/ad56f80a-23e7-4c8f-93ed-c25cdd16e5f9.png;https://cdn.grofers.com/app/images/products/common/customer_care.jpg,79,4.210000
blinkit,Vegetables,37424,549324,549324,Safal Frozen Sweet Corn,Safal,180,180,1 kg,True,3,3,Frozen Peas & Corn,Sweet Corn,https://cdn.grofers.com/da/cms-assets/cms/product/446fe751-a09f-4cd2-bfab-a40747152a47.png;https://cdn.grofers.com/da/cms-assets/cms/product/b93df16e-20a3-432f-adc6-bfca87f8f668.png;https://cdn.grofers.com/da/cms-assets/cms/product/682cad77-e652-475b-a15e-6a026a02949a.png;https://cdn.grofers.com/da/cms-assets/cms/product/486fb011-5907-40be-943a-2e8482eedd17.png;https://cdn.grofers.com/da/cms-assets/cms/product/327e5825-7409-48cb-9d05-9b70f9b2e5cd.png;https://cdn.grofers.com/da/cms-assets/cms/product/f5ef95f9-1a20-4483-9799-ec91da9b4e09.png;https://cdn.grofers.com/app/images/products/common/customer_care.jpg,80,4.719000
blinkit,Vegetables,37424,602615,602615,Organically Grown Garlic - 100 g (Bellulli),GG,44,33,100 g,True,3,3,Certified Organic,Garlic,https://cdn.grofers.com/da/cms-assets/cms/product/74e82cfc-16df-4f4e-89d2-62c83228d469.png;https://cdn.grofers.com/da/cms-assets/cms/product/391b0737-fc8f-450b-8363-86817ff6c39d.png;https://cdn.grofers.com/da/cms-assets/cms/product/86df43f1-7f9e-4154-b7c8-ae6e2ddaf430.png;https://cdn.grofers.com/app/images/products/common/customer_care.jpg,81,0
blinkit,Vegetables,37424,487715,487715,Combo of 2 - Yellow Capsicum 1 piece (125 g - 175 g) + Red Capsicum 1 piece (125 g - 175 g),,94,70,1 piece (125-175 g) + 1 piece (125-175 g),True,3,3,Combo & Recipes,Combo,https://cdn.grofers.com/da/cms-assets/cms/product/03feac87-625e-45b0-8d67-44933fdd44fe.jpg;https://cdn.grofers.com/da/cms-assets/cms/product/d9c59201-fa04-480d-abe5-c06c3ef17983.png;https://cdn.grofers.com/da/cms-assets/cms/product/a034df47-c258-4784-bacf-169fed7612e7.jpg;https://cdn.grofers.com/da/cms-assets/cms/product/7aaea7c8-0d7b-4b19-8650-b8836d352d87.jpg;https://cdn.grofers.com/da/cms-assets/cms/product/baeacd72-fb81-49e9-85ab-f9908818b4b7.jpg;https://cdn.grofers.com/app/images/products/common/customer_care.jpg,82,0
blinkit,Vegetables,37424,477900,477900,Safal Frozen Mixed Vegetables,Safal,85,83,500 g,True,3,3,Frozen Fruits & Vegetables,Mixed Vegetables,https://cdn.grofers.com/da/cms-assets/cms/product/f66f8460-e3f3-48a6-bf6f-9c9d0542aead.png;https://cdn.grofers.com/da/cms-assets/cms/product/baf0ffcb-ab91-4bb1-81b3-f54c4f7a8fea.jpg;https://cdn.grofers.com/da/cms-assets/cms/product/03cef1cf-6f20-4b49-9719-6127359d59d4.jpg;https://cdn.grofers.com/da/cms-assets/cms/product/d6a8323c-4112-4f0d-a18a-09c0f7ca39ea.jpg;https://cdn.grofers.com/da/cms-assets/cms/product/77e07783-a6aa-454b-89cf-378e57338201.jpg;https://cdn.grofers.com/app/images/products/common/customer_care.jpg,83,4.640000
blinkit,Vegetables,37424,344553,344553,Red Amaranthus Leaves (Dantu Soppu),,28,22,250 g,True,1,1,Leafies & Herbs,Amaranthus Leaves,https://cdn.grofers.com/da/cms-assets/cms/product/cfec11fc-ce66-437c-a281-f7654dfc839c.png;https://cdn.grofers.com/da/cms-assets/cms/product/37ab7141-1b3d-4257-808a-d0f14e6d4e1d.jpg;https://cdn.grofers.com/app/images/products/common/customer_care.jpg,84,0
blinkit,Vegetables,37424,602179,602179,Organically Grown Bitter Gourd - 250 g (Hagalakayi),Green Earth,43,33,250 g,True,2,2,Certified Organic,Bitter Gourd,https://cdn.grofers.com/da/cms-assets/cms/product/1ffee771-d6be-47e4-b881-2fd473561e73.jpg?ts=1737027087;https://cdn.grofers.com/da/cms-assets/cms/product/96c0ba71-b1e2-4efd-be07-a0e13292c240.jpg?ts=1737027087;https://cdn.grofers.com/da/cms-assets/cms/product/c8eab056-36ff-49b6-8e86-a27cdb5cf808.jpg?ts=1737027088,85,0
blinkit,Vegetables,37424,379583,379583,SPT Frozen Green Peas - 1 kg,SPT,299,150,1 kg,True,2,2,Frozen Peas & Corn,Frozen Green Peas,https://cdn.grofers.com/app/assets/products/sliding_images/jpeg/b848f388-5f6e-4da9-9a51-1ae3583ce0ae.jpg?ts=1723375304;https://cdn.grofers.com/app/images/products/sliding_image/379583b.jpg?ts=1690814425;https://cdn.grofers.com/app/images/products/sliding_image/379583c.jpg?ts=1690814425;https://cdn.grofers.com/app/images/products/sliding_image/379583d.jpg?ts=1690814425;https://cdn.grofers.com/app/images/products/sliding_image/379583e.jpg?ts=1690814425;https://cdn.grofers.com/app/images/products/sliding_image/379583f.jpg?ts=1690814425,86,4.667000
blinkit,Vegetables,37424,4920,4920,Disco Pumpkin (Kumbalakayi),,45,34,1 piece,True,2,2,Fresh Vegetables,Pumpkin,https://cdn.grofers.com/app/assets/products/sliding_images/jpeg/24405f6d-daac-4bf0-beaf-0046bc6523b3.jpg?ts=1708587813;https://cdn.grofers.com/app/images/products/sliding_image/4920b.jpg?ts=1690817327,87,0
blinkit,Vegetables,37424,562722,562722,Goeld Frozen Sweet Corn,Goeld,180,127,1 kg,True,3,3,Frozen Peas & Corn,Sweet Corn,https://cdn.grofers.com/app/assets/products/sliding_images/jpeg/e02d3a0e-0178-46f6-9d70-8ee52a69ab29.jpg?ts=1722945450;https://cdn.grofers.com/app/assets/products/sliding_images/jpeg/70134e00-739e-4e19-9feb-83e285718fec.jpg?ts=1722945452;https://cdn.grofers.com/app/assets/products/sliding_images/jpeg/55fea60f-2432-4074-a063-7baefd101c32.jpg?ts=1722945453;https://cdn.grofers.com/app/assets/products/sliding_images/jpeg/95239d5a-e843-48ca-a218-0aae13c74a7e.jpg?ts=1722945454;https://cdn.grofers.com/app/assets/products/sliding_images/jpeg/2cedb162-4eac-434f-9836-9ef0f67f6a61.jpg?ts=1722945455,88,4.654000
blinkit,Vegetables,37424,603092,603092,Organically Grown Ring Beans - 250 g (Hurulikayi),Green Earth,72,53,250 g,True,3,3,Certified Organic,Beans,https://cdn.grofers.com/da/cms-assets/cms/product/d0fdc220-33f6-4389-aab3-1558b832902d.jpg;https://cdn.grofers.com/da/cms-assets/cms/product/4d6e73b4-25eb-4ef1-a328-9ec54711702b.jpg,89,0
blinkit,Vegetables,37424,443554,443554,Parsley,,26,19,50 g,True,1,1,Exotics,Parsley,https://cdn.grofers.com/app/assets/products/sliding_images/jpeg/8d4fe8f7-7e03-41f6-8a0c-7ab75cfe8646.jpg?ts=1707977280;https://cdn.grofers.com/app/images/products/sliding_image/443554b.jpg?ts=1696330796;https://cdn.grofers.com/da/cms-assets/cms/product/a668ffbe-59a5-47c8-b36c-0c731b2e2209.jpg,90,0
blinkit,Vegetables,37424,28394,28394,Safal Sweet Corn (Frozen),Safal,100,100,500 g,True,4,4,Frozen Peas & Corn,Sweet Corn,https://cdn.grofers.com/app/assets/products/sliding_images/jpeg/caea5bef-76a6-4e19-abb9-344bfeca985e.jpg?ts=1723374843;https://cdn.grofers.com/app/images/products/sliding_image/28394b.jpg?ts=1690814742;https://cdn.grofers.com/app/images/products/sliding_image/28394c.jpg?ts=1690814742;https://cdn.grofers.com/app/images/products/sliding_image/28394d.jpg?ts=1690814742,91,4.689000
blinkit,Vegetables,37424,568812,568812,Morning Glory Kang Kong,,40,31,100 g,True,3,3,Exotics,Morning Glory,https://cdn.grofers.com/app/assets/products/sliding_images/jpeg/410799be-341e-4655-a70e-52a5b99e4f49.jpg?ts=1726052138;https://cdn.grofers.com/app/assets/products/sliding_images/jpeg/4f68f52e-0081-4709-b63e-21b1f2c8ca95.jpg?ts=1726052139,92,0
blinkit,Vegetables,37424,613033,613033,Organically Grown Spinach - 250 g,Bhoomi Farms,54,43,250 g,True,1,1,Certified Organic,Spinach,https://cdn.grofers.com/da/cms-assets/cms/product/3f9d1297-aa70-4ef5-8ce0-64eddaac7174.jpg?ts=1750933862;https://cdn.grofers.com/da/cms-assets/cms/product/95ae85f3-8dfe-45ce-9287-076039954580.jpg?ts=1750933862,93,0
blinkit,Vegetables,37424,480428,480428,Bok Choy,,60,45,(200-250) g,True,1,1,Exotics,Bok Choy,https://cdn.grofers.com/app/assets/products/sliding_images/jpeg/3b6e38b9-a395-40cf-834d-3dfcb1b79ea2.jpg?ts=1711440874;https://cdn.grofers.com/app/assets/products/sliding_images/jpeg/50ccb5be-5852-4cd0-9cf3-08afa4203c2c.jpg?ts=1711440874;https://cdn.grofers.com/app/assets/products/sliding_images/jpeg/15976bee-5096-49d4-8406-4a343d28beab.jpg;https://cdn.grofers.com/app/assets/products/sliding_images/jpeg/e40a3e67-c774-4cd5-8d31-08fb5b4f1835.jpg,94,0
blinkit,Vegetables,37424,628920,628920,Freshcon Ready to Use Cooked Sweet Corn Kernels,Freshcon,80,40,285 g,True,2,2,Millets & Others,Sweet Corn Kernels,https://cdn.grofers.com/da/cms-assets/cms/product/3302d10a-96bb-407d-a76e-dbfc48c2b743.jpg;https://cdn.grofers.com/da/cms-assets/cms/product/972c6865-180a-4e6f-b883-9dbb02af621f.jpg;https://cdn.grofers.com/da/cms-assets/cms/product/95c601f0-0110-4ac7-9205-12e58c39ad4e.jpg;https://cdn.grofers.com/da/cms-assets/cms/product/9f4ee529-499c-4181-83a7-7475ae995539.jpg;https://cdn.grofers.com/da/cms-assets/cms/product/9e676bb9-0cdc-43d9-a7d4-b735ad821a2b.jpg;https://cdn.grofers.com/da/cms-assets/cms/product/9378418b-e459-44ec-a865-b2b5c3a15bf8.jpg;https://cdn.grofers.com/da/cms-assets/cms/product/347cdedc-5ab5-4e03-9b88-c7f032f2a1dc.jpg;https://cdn.grofers.com/da/cms-assets/cms/product/4ea2fba2-c284-487c-a886-6f363e019075.jpg;https://cdn.grofers.com/da/cms-assets/cms/product/d22a380e-1817-4899-a2e3-eba547e6fd4c.jpg;https://cdn.grofers.com/da/cms-assets/cms/product/35d14011-30c3-434e-82c3-609052d66750.jpg;https://cdn.grofers.com/da/cms-assets/cms/product/bcdbb54f-311a-4bd4-af43-2c7f045d4e71.jpg;https://cdn.grofers.com/da/cms-assets/cms/product/aae4fed4-5a0a-430a-a705-d7ee6d668c1e.jpg,95,4.199000
blinkit,Vegetables,37424,526247,526247,Whole Farm Premium Green Dried Peas (Hasi Battani),Whole Farm,120,90,500 g,True,4,4,Dried Peas & Others,Green Dried Peas,https://cdn.grofers.com/app/images/products/sliding_image/526247a.jpg;https://cdn.grofers.com/da/cms-assets/cms/product/115088c8-483c-4651-b546-91b4f3209242.jpg?ts=1743764689;https://cdn.grofers.com/app/images/products/sliding_image/526247c.jpg;https://cdn.grofers.com/app/images/products/sliding_image/526247d.jpg,96,4.281000
blinkit,Vegetables,37424,599226,599226,Organically Grown Potato - 1 kg (Alugadde),UB Organic,104,81,1 kg,True,3,3,Certified Organic,Potato,https://cdn.grofers.com/da/cms-assets/cms/product/fbd1b234-a4da-41fe-b834-14b51a5b57f8.jpg?ts=1750934094;https://cdn.grofers.com/da/cms-assets/cms/product/04756964-b86d-4129-a0dc-a526820b0f65.jpg?ts=1750934094;https://cdn.grofers.com/da/cms-assets/cms/product/26627a04-be58-4f55-bc7d-0c49d9ed55fb.jpg?ts=1750934094,97,0
blinkit,Vegetables,37424,335538,335538,Green Leafy Lettuce - Hydroponically Grown (Letis Soppu),,67,53,(120-150) g,True,2,2,Hydroponic,Lettuce,https://cdn.grofers.com/app/assets/products/sliding_images/jpeg/793301da-ec06-4159-a9b2-090ddc869515.jpg?ts=1711440870;https://cdn.grofers.com/app/assets/products/sliding_images/jpeg/89e0284e-81af-4776-8933-727c0d6e8f1a.jpg?ts=1711440870;https://cdn.grofers.com/app/assets/products/sliding_images/jpeg/593b43da-f0d6-49b7-b62c-f76e6640297b.jpg?ts=1711440871;https://cdn.grofers.com/app/assets/products/sliding_images/jpeg/3600a884-175c-4676-845d-b6555f326ab1.jpg;https://cdn.grofers.com/app/assets/products/sliding_images/jpeg/67c239d7-f551-4427-b789-24b5c3f3953b.jpg,98,0
blinkit,Vegetables,37424,326340,326340,Tapioca (Maragenasu),,44,35,500 g,True,3,3,Fresh Vegetables,Tapioca,https://cdn.grofers.com/app/images/products/sliding_image/326340a.jpg?ts=1724051311;https://cdn.grofers.com/app/assets/products/sliding_images/jpeg/8d3691e0-5519-4442-bdeb-faa5a0e301e4.jpg?ts=1724051311;https://cdn.grofers.com/app/images/products/sliding_image/326340b.jpg?ts=1724051311,99,0
blinkit,Vegetables,37424,327128,327128,Green Peas (Peeled) (Battani),,250,148,200 g,True,3,3,Freshly Cut & Sprouts,Green Peas,https://cdn.grofers.com/app/assets/products/sliding_images/jpeg/9193b229-3ca3-4cce-9156-920f3e9761a8.jpg?ts=1711017376;https://cdn.grofers.com/app/assets/products/sliding_images/jpeg/304002e9-c03a-4428-87bb-23c9ab662ea6.jpg?ts=1711017376;https://cdn.grofers.com/app/assets/products/sliding_images/jpeg/699e4c7f-1b4b-4e1f-a6bd-327aa5111156.jpg?ts=1711017376;https://cdn.grofers.com/app/assets/products/sliding_images/jpeg/5b665120-f9cc-4f15-97d7-ae1dfbbb72cf.jpg?ts=1711017376;https://cdn.grofers.com/app/assets/products/sliding_images/jpeg/3a872db5-b8e7-4d26-a567-b7ff024a1e85.jpg,100,0
blinkit,Vegetables,37424,445281,445281,Green Moong Sprouts (Molke Kalu),,70,43,(150-160) g,True,2,2,Freshly Cut & Sprouts,Sprouts,https://cdn.grofers.com/app/assets/products/sliding_images/jpeg/dbddb297-7906-4a71-b25f-c76bb2f4d32a.jpg?ts=1711440873;https://cdn.grofers.com/app/assets/products/sliding_images/jpeg/b6038137-53a0-491d-9d04-6347003afea8.jpg?ts=1711440873;https://cdn.grofers.com/app/assets/products/sliding_images/jpeg/ea6790cc-d07f-4301-809c-e21e43a31b5e.jpg?ts=1711440873;https://cdn.grofers.com/app/assets/products/sliding_images/jpeg/1e33ac68-466d-47a3-8ce3-815463d22ab0.jpg?ts=1711440873;https://cdn.grofers.com/app/assets/products/sliding_images/jpeg/6c0facf0-4859-4e61-b320-5f166eb53e89.jpg?ts=1711440873,101,0
blinkit,Vegetables,37424,526236,526236,Whole Farm Premium Amla Candy/Dried Amla (Nellikai Candy),Whole Farm,90,61,200 g,True,2,2,Dry Fruit Assortment,Amla Candy,https://cdn.grofers.com/app/assets/products/sliding_images/jpeg/66bee3df-7014-49fe-8e81-7f63c4635c0c.jpg?ts=1708588033;https://cdn.grofers.com/da/cms-assets/cms/product/584e019f-d0d9-4ae9-9c9a-901a6ec43136.jpg?ts=1743764683;https://cdn.grofers.com/app/images/products/sliding_image/526236c.jpg;https://cdn.grofers.com/app/images/products/sliding_image/526236d.jpg,102,4.193000
blinkit,Vegetables,37424,152879,152879,Fenugreek Leaves (without Roots) (Menthe Kalu),,36,27,200 g,True,2,2,Leafies & Herbs,Fenugreek,https://cdn.grofers.com/app/assets/products/sliding_images/jpeg/f4ff9d69-9e07-484b-b242-8a4cefbc2a53.jpg?ts=1711472826;https://cdn.grofers.com/app/assets/products/sliding_images/jpeg/3f6727a7-728e-4acb-a82f-9df371224312.jpg?ts=1711472826;https://cdn.grofers.com/app/assets/products/sliding_images/jpeg/6642850b-f313-4db1-a7da-797fc7ae9b18.jpg?ts=1711472826;https://cdn.grofers.com/app/assets/products/sliding_images/jpeg/5359781e-c948-4a1d-a707-fc6104e12d56.jpg?ts=1711472826,103,0
blinkit,Vegetables,37424,650041,650041,Organically Grown Garlic - 100 g,Spudnik Farms,48,36,100 g,True,3,3,Certified Organic,Garlic,https://cdn.grofers.com/da/cms-assets/cms/product/3b565411-c227-4254-9809-8a4df4b1eb83.jpg;https://cdn.grofers.com/da/cms-assets/cms/product/39d89518-7ed4-4845-82dc-993f8af203d2.jpg;https://cdn.grofers.com/da/cms-assets/cms/product/f029b754-646d-4637-b22d-13bc34b607cd.jpg;https://cdn.grofers.com/da/cms-assets/cms/product/d7b8fa70-bd39-4b41-bd0e-5cde25e47a4a.jpg,104,0
blinkit,Vegetables,37424,587639,587639,Mustard Leaves - Pack of 2 (Saasive Soppu),,74,57,2 x 250 g,True,1,1,Leafies & Herbs,Mustard Leaves,https://cdn.grofers.com/da/cms-assets/cms/product/b9870e10-332d-46d0-af82-cac7158c81f5.jpg?ts=1732280187;https://cdn.grofers.com/app/assets/products/sliding_images/jpeg/249c423a-bf7e-4f58-8cb1-2e07ab589539.jpg,105,0
blinkit,Vegetables,37424,535421,535421,Mustard Leaves (Saasive Soppu),,37,29,250 g,True,2,2,Leafies & Herbs,Mustard Leaves,https://cdn.grofers.com/app/images/products/sliding_image/535421a.jpg?ts=1702974203;https://cdn.grofers.com/app/images/products/sliding_image/535421b.jpg?ts=1702974203,105,0
blinkit,Vegetables,37424,524897,524897,Whole Farm Premium Kashmiri Red Chilli Whole (Menasinakayi),Whole Farm,70,50,50 g,True,3,3,Whole Spices,Chilli Whole,https://cdn.grofers.com/app/images/products/sliding_image/524897a.jpg?ts=1690814432;https://cdn.grofers.com/da/cms-assets/cms/product/effd8093-a5ca-4bba-933a-2dfd5b4b1d1a.jpg?ts=1743764625,106,4.358000
blinkit,Vegetables,37424,507201,507201,Neem Leaves Bunch (Bevu Soppu),,28,21,2 pieces,True,3,3,Leafies & Herbs,Neem Leaves,https://cdn.grofers.com/da/cms-assets/cms/product/90314451-8fe1-47ad-bd9f-3c9fb55423bb.jpg?ts=1743320417;https://cdn.grofers.com/da/cms-assets/cms/product/54c64826-df7c-4176-a220-9a503a56f34f.jpg?ts=1743319163;https://cdn.grofers.com/da/cms-assets/cms/product/312b354f-05cd-4248-98f2-2744c190aeb4.jpg?ts=1743319164,107,0
blinkit,Vegetables,37424,3885,3885,Arvi (Kesuvina Soppu),,35,26,(250-300) g,True,8,8,Fresh Vegetables,Colocasia,https://cdn.grofers.com/app/assets/products/sliding_images/jpeg/c399c46f-91e7-4ad0-8211-20e167fb1fb7.jpg?ts=1711472717;https://cdn.grofers.com/app/assets/products/sliding_images/jpeg/5ed207d6-e616-445f-afef-eac785387dd6.jpg?ts=1711472717;https://cdn.grofers.com/app/assets/products/sliding_images/jpeg/c649bc16-6911-4e16-95fc-7cc3821928ab.jpg?ts=1711472717;https://cdn.grofers.com/app/assets/products/sliding_images/jpeg/caecec91-2bd5-4d6c-b186-b1a4ce37edbb.jpg?ts=1711472717,108,0
blinkit,Vegetables,37424,322036,322036,SPT American Frozen Sweet Corn,SPT,135,82,500 g,True,0,0,Frozen Peas & Corn,Sweet Corn,https://cdn.grofers.com/app/assets/products/sliding_images/jpeg/44a825b9-1db5-436b-b781-d81c4723960a.jpg?ts=1723098556;https://cdn.grofers.com/app/images/products/sliding_image/322036b.jpg?ts=1690537530;https://cdn.grofers.com/app/images/products/sliding_image/322036c.jpg?ts=1690537530;https://cdn.grofers.com/app/images/products/sliding_image/322036d.jpg?ts=1690537530;https://cdn.grofers.com/app/images/products/sliding_image/322036e.jpg?ts=1690537530;https://cdn.grofers.com/app/images/products/sliding_image/322036f.jpg?ts=1690537530,109,4.636000
blinkit,Vegetables,37424,328862,328862,SPT American Frozen Sweet Corn,SPT,240,141,1 kg,True,2,2,Frozen Peas & Corn,Sweet Corn,https://cdn.grofers.com/app/assets/products/sliding_images/jpeg/13345932-b07f-42aa-9cab-99e400792a18.jpg?ts=1723375128;https://cdn.grofers.com/app/images/products/sliding_image/328862b.jpg?ts=1690814421;https://cdn.grofers.com/app/images/products/sliding_image/328862c.jpg?ts=1690814421;https://cdn.grofers.com/app/images/products/sliding_image/328862d.jpg?ts=1690814421;https://cdn.grofers.com/app/images/products/sliding_image/328862e.jpg?ts=1690814421;https://cdn.grofers.com/app/images/products/sliding_image/328862f.jpg?ts=1690814421,109,4.679000
blinkit,Vegetables,37424,458757,458757,Mangalore Cucumber (Southekayi),,30,22,(400-600) g,True,1,1,Fresh Vegetables,Cucumber,https://cdn.grofers.com/app/assets/products/sliding_images/jpeg/21dd8348-c633-4cee-838e-d7e5b8a197e7.jpg?ts=1708593413;https://cdn.grofers.com/app/images/products/sliding_image/458757b.jpg?ts=1690816378,110,0
blinkit,Vegetables,37424,257199,257199,Green Zucchini,,46,35,1 piece (200-250 g),True,1,1,Exotics,Zucchini,https://cdn.grofers.com/app/assets/products/sliding_images/jpeg/0585bbfc-7ea7-4a67-a2ac-6647f2831d24.jpg?ts=1711473133;https://cdn.grofers.com/app/assets/products/sliding_images/jpeg/eee21278-86b5-4666-ac5c-d953f68f17c4.jpg?ts=1711473133;https://cdn.grofers.com/app/assets/products/sliding_images/jpeg/724101e2-f6ff-430d-8fbc-6cad32762a92.jpg?ts=1711473133;https://cdn.grofers.com/app/assets/products/sliding_images/jpeg/128e87ab-9b9c-4b62-8e96-d244f5c157d6.jpg?ts=1711473133,111,0
blinkit,Vegetables,37424,602691,602691,Organically Grown Garlic - 100 g (Bellulli),Healthy Buddha,57,42,100 g,True,1,1,Certified Organic,Garlic,https://cdn.grofers.com/da/cms-assets/cms/product/532ab646-4d7b-465e-a26d-751d2e47136c.jpg?ts=1737027142;https://cdn.grofers.com/da/cms-assets/cms/product/3e149a31-0d12-40d4-b171-1c3f16248921.jpg?ts=1737027142;https://cdn.grofers.com/da/cms-assets/cms/product/33168e27-c7af-4bd6-8fe6-c6f3578148d6.jpg?ts=1737027142,112,0
blinkit,Vegetables,37424,603110,603110,Organically Grown Cabbage - 300 g (Yele Kosu),Shatayushi Farms,43,31,300 g,True,1,1,Certified Organic,Cabbage,https://cdn.grofers.com/da/cms-assets/cms/product/525208d1-176e-4bae-9295-5818b2bb7632.jpg?ts=1750933609;https://cdn.grofers.com/da/cms-assets/cms/product/fc4a91b7-cd93-4f9a-a1a4-1c643801997f.jpg?ts=1750933609;https://cdn.grofers.com/da/cms-assets/cms/product/05130c43-d0e3-4a74-b4f5-d3b295bcca6e.jpg?ts=1750933609,113,0
blinkit,Vegetables,37424,131641,131641,Round Gourd (Dundagina Sorekayi),,58,46,250 g,True,1,1,Fresh Vegetables,Round Gourd,https://cdn.grofers.com/app/assets/products/sliding_images/jpeg/60efa15d-87fd-4b83-bdb2-39bef279a3d7.jpg?ts=1711472826;https://cdn.grofers.com/app/assets/products/sliding_images/jpeg/2b7fef0f-7cb1-4464-ae35-fe8232c9a6d0.jpg?ts=1711472826;https://cdn.grofers.com/app/assets/products/sliding_images/jpeg/2606a17e-0a8a-4cbb-bd18-5e64d009b764.jpg?ts=1711472826;https://cdn.grofers.com/app/assets/products/sliding_images/jpeg/7c5be01f-4986-4a4f-8b5b-0fd03b1f459e.jpg?ts=1711472826,114,0
blinkit,Vegetables,37424,440230,440230,Italian Basil Leaves (Tulasi Yelegalu),,33,25,50 g,True,1,1,Leafies & Herbs,Basil Leaves,https://cdn.grofers.com/app/assets/products/sliding_images/jpeg/66ef3be7-8bbb-40f0-887f-74dd2a4c9e05.jpg?ts=1711698363;https://cdn.grofers.com/app/assets/products/sliding_images/jpeg/630f0918-9bf6-4296-9211-7320ae4c8e56.jpg?ts=1711698363;https://cdn.grofers.com/app/assets/products/sliding_images/jpeg/b7d33da1-da9f-446e-806a-1de160144432.jpg?ts=1711698363;https://cdn.grofers.com/app/assets/products/sliding_images/jpeg/24980cb8-f6ba-4a25-80c9-36dda65a5623.jpg?ts=1711698363;https://cdn.grofers.com/app/assets/products/sliding_images/jpeg/14a47583-594a-485e-8f67-a7a5cdba7a89.jpg?ts=1711698363,115,0
blinkit,Vegetables,37424,595303,595303,Organically Grown Lemon - 250 g (Nimbe),SHABARI.AI,83,62,250 g,True,1,1,Certified Organic,Lemon,https://cdn.grofers.com/da/cms-assets/cms/product/5103ffc9-63e8-475f-9aea-037a2a098c28.jpg?ts=1736011574;https://cdn.grofers.com/da/cms-assets/cms/product/315bb7f2-8291-4d42-b861-1835919192f4.jpg?ts=1736011575;https://cdn.grofers.com/da/cms-assets/cms/product/f526ae2f-3438-4c5a-a6c3-6349db446046.jpg,116,0
blinkit,Vegetables,37424,294636,294636,Yellow Zucchini,,57,46,1 piece (200-250 g),True,1,1,Exotics,Zucchini,https://cdn.grofers.com/app/images/products/sliding_image/294636a.jpg?ts=1717749749;https://cdn.grofers.com/app/images/products/sliding_image/294636b.jpg?ts=1717749749;https://cdn.grofers.com/app/assets/products/sliding_images/jpeg/bd9777e6-98cf-4ebe-92b6-f5dfd40f93dd.jpg?ts=1717749749,117,0
blinkit,Vegetables,37424,5855,5855,Lemongrass (Nimbe Hullu),,22,16,100 g,True,1,1,Exotics,Lemongrass,https://cdn.grofers.com/app/assets/products/sliding_images/jpeg/83fbe32f-408c-4b01-90ef-e4d82ff5bf1b.jpg?ts=1710495205;https://cdn.grofers.com/app/assets/products/sliding_images/jpeg/fbc9a3f1-13e8-4105-92a7-41d6ec0ebe14.jpg?ts=1710495205;https://cdn.grofers.com/app/assets/products/sliding_images/jpeg/cab63949-9abe-467e-b0d0-721996fd7375.jpg;https://cdn.grofers.com/app/assets/products/sliding_images/jpeg/3f3c61ed-ebea-4aae-9b83-326014ce2200.jpg,118,0
blinkit,Vegetables,37424,502588,502588,Pumpkin Yellow (Cut) (Kumbalakayi),,70,36,200 g,True,1,1,Freshly Cut & Sprouts,Pumpkin,https://cdn.grofers.com/app/images/products/sliding_image/502588a.jpg?ts=1690537576;https://cdn.grofers.com/app/images/products/sliding_image/502588b.jpg?ts=1690537576,119,0
blinkit,Vegetables,37424,146811,146811,Groundnuts (Moongfali) (Kadale Kayi),,99,75,500 g,True,1,1,Fresh Fruits,Groundnuts,https://cdn.grofers.com/da/cms-assets/cms/product/8a042e76-1487-402c-a10a-a566cd3aa617.jpg?ts=1732162342;https://cdn.grofers.com/da/cms-assets/cms/product/aa9e7b70-0973-4015-9778-e427b11822c7.jpg?ts=1732162343;https://cdn.grofers.com/da/cms-assets/cms/product/971d762d-66e8-4988-ae7b-488fca233948.jpg;https://cdn.grofers.com/da/cms-assets/cms/product/baef7e45-4107-4e5c-864d-c53dcfd1ff3a.jpg,120,0
