platform,search_query,store_id,product_id,variant_id,name,brand,mrp,price,quantity,in_stock,inventory,max_allowed_quantity,category,sub_category,images,organic_rank,rating
blinkit,Liquid Detergents,31320,664562,664562,Awenest Natural Laundry Liquid Detergent,Awenest,649,339,1.8 ltr,True,4,4,Liquid Detergents,Liquid Detergent,https://cdn.grofers.com/da/cms-assets/cms/product/34c42203-f15f-4c8a-8566-d44e1b934c33.png;https://cdn.grofers.com/da/cms-assets/cms/product/3cda0794-9d29-40a0-871a-be44d9fa8fc9.png;https://cdn.grofers.com/da/cms-assets/cms/product/c6dde9e7-446d-4d93-a474-3dd6f2d6f1fd.png;https://cdn.grofers.com/da/cms-assets/cms/product/1b0f7f3a-d6fa-436d-8e02-694809d278aa.png;https://cdn.grofers.com/da/cms-assets/cms/product/c1cff844-42d0-45ea-8204-cbc6d55ff806.png;https://cdn.grofers.com/da/cms-assets/cms/product/85b867c4-f363-4ed9-8e33-e652cc27600d.png;https://cdn.grofers.com/da/cms-assets/cms/product/c9f6090b-3224-4d5b-837d-d568836fe9d0.png;https://cdn.grofers.com/da/cms-assets/cms/product/68fe9e4a-bf8a-4fba-bc79-f6818addb97f.png;https://cdn.grofers.com/app/images/products/common/customer_care.jpg,1,0
blinkit,Liquid Detergents,31320,555059,555059,Godrej Fab Liquid Detergent Refill Pouch,Godrej,99,95,950 ml,True,12,12,Non-Matic Liquid Detergents,Liquid Detergent,https://cdn.grofers.com/da/cms-assets/cms/product/3ec7a122-465f-4c77-87ae-4e4442d28186.png;https://cdn.grofers.com/da/cms-assets/cms/product/c28414a1-cca2-4100-aa44-5e505b3ae679.png;https://cdn.grofers.com/da/cms-assets/cms/product/272d4737-f00d-4cfa-a541-ccf76126a8d9.png;https://cdn.grofers.com/da/cms-assets/cms/product/1980a625-9594-4815-b062-d2570e181d1c.png;https://cdn.grofers.com/da/cms-assets/cms/product/d12604aa-dfb5-42a1-9212-12e6f3a12f6e.png;https://cdn.grofers.com/da/cms-assets/cms/product/b54f1d9a-d0ca-4bbc-9067-e6c65f6c693f.png;https://cdn.grofers.com/da/cms-assets/cms/product/1d73bd10-301d-4472-9dce-3fc76906b2c6.png;https://cdn.grofers.com/da/cms-assets/cms/product/3ab7b8e7-d58c-4352-a2a4-18c7513bbac2.png;https://cdn.grofers.com/app/images/products/common/customer_care.jpg,2,4.700000
blinkit,Liquid Detergents,31320,654061,654061,Godrej Fab Liquid Detergent Refill,Godrej,400,360,4 ltr,True,3,3,Non-Matic Liquid Detergents,Liquid Detergent,https://cdn.grofers.com/da/cms-assets/cms/product/5189a926-53fd-4f85-b9ff-0c6555db0f8f.png;https://cdn.grofers.com/da/cms-assets/cms/product/65d96eae-ee4d-4dd3-8e3b-657b9f6453c1.png;https://cdn.grofers.com/da/cms-assets/cms/product/f1adb5b2-75f3-4dc3-b23a-583c29a8310d.png;https://cdn.grofers.com/da/cms-assets/cms/product/b5f421d7-b638-43f7-b577-77aa73bb26e8.png;https://cdn.grofers.com/da/cms-assets/cms/product/0c89201f-f063-405a-87d0-0ac272e10198.png;https://cdn.grofers.com/da/cms-assets/cms/product/fd44c7dd-4637-4923-944b-8915bb9039ce.png;https://cdn.grofers.com/da/cms-assets/cms/product/48fb66d6-1291-4a1d-aa58-dd7ccd0c0eb0.png;https://cdn.grofers.com/da/cms-assets/cms/product/b6dbf669-0541-4e54-9e13-61215624a6de.png;https://cdn.grofers.com/app/images/products/common/customer_care.jpg,2,4.710000
blinkit,Liquid Detergents,31320,555060,555060,Godrej Fab Liquid Detergent Refill Pouch Mega Pack,Godrej,225,189,2 ltr,True,5,5,Non-Matic Liquid Detergents,Liquid Detergent,https://cdn.grofers.com/da/cms-assets/cms/product/11eec8da-40b3-4d49-95c4-975acf22d7c0.png;https://cdn.grofers.com/da/cms-assets/cms/product/1593af63-8106-46d4-b01e-9742e672ada3.png;https://cdn.grofers.com/da/cms-assets/cms/product/986a6733-6205-4560-9e54-be0beed2ac14.png;https://cdn.grofers.com/da/cms-assets/cms/product/9aafe1c4-4f9e-4e28-853a-86987779d57b.png;https://cdn.grofers.com/da/cms-assets/cms/product/891a2c8e-7b06-4063-9c68-9d7fb0e0eeaa.png;https://cdn.grofers.com/da/cms-assets/cms/product/e81f1483-310c-490d-b259-7d2414716dbe.png;https://cdn.grofers.com/da/cms-assets/cms/product/b87be66f-e0bc-4f5e-bf6d-2c1d6849f987.png;https://cdn.grofers.com/da/cms-assets/cms/product/f6247df7-9106-40f2-b767-0e6140cf691a.png;https://cdn.grofers.com/app/images/products/common/customer_care.jpg,3,4.719000
blinkit,Liquid Detergents,31320,312059,312059,Surf Excel Top Load Liquid Detergent,Surf Excel,225,225,1 ltr,True,4,4,Matic Liquid Detergent,Top Load Liquid Detergent,https://cdn.grofers.com/da/cms-assets/cms/product/ac386097-8a6b-40d5-a72b-02b02383e3a0.png;https://cdn.grofers.com/da/cms-assets/cms/product/907fde26-ef78-44a9-add1-499e809a5ec5.png;https://cdn.grofers.com/da/cms-assets/cms/product/30ca1e30-19df-435b-8f73-93e865b01723.png;https://cdn.grofers.com/da/cms-assets/cms/product/11c8c63c-c0c3-4174-a96a-cae7b9c3e463.png;https://cdn.grofers.com/da/cms-assets/cms/product/5c911433-6753-4524-92c5-84e04140ea8e.png;https://cdn.grofers.com/da/cms-assets/cms/product/e4130f4f-e562-479e-ad9b-bd8da3cbe690.png;https://cdn.grofers.com/da/cms-assets/cms/product/d03d51f9-5873-4e17-aeba-a42da8af594a.png;https://cdn.grofers.com/app/images/products/common/customer_care.jpg,4,4.699000
blinkit,Liquid Detergents,31320,392235,392235,Surf Excel Top Load Liquid Detergent,Surf Excel,319,300,2 ltr,True,4,4,Matic Liquid Detergent,Top Load Liquid Detergent,https://cdn.grofers.com/da/cms-assets/cms/product/ebb9871f-fc98-4232-8e52-e65bedf146d9.png;https://cdn.grofers.com/da/cms-assets/cms/product/77e4a04e-11cd-470b-9bd1-8f839c8ab941.png;https://cdn.grofers.com/da/cms-assets/cms/product/f27c4efa-143f-4b8c-9652-0b098ea9d9d0.png;https://cdn.grofers.com/da/cms-assets/cms/product/e755c61b-fcf6-414c-9c87-4e46f85539e0.png;https://cdn.grofers.com/da/cms-assets/cms/product/48078970-81b2-4524-a6a8-510cf6408d04.png;https://cdn.grofers.com/app/images/products/common/customer_care.jpg,4,4.735000
blinkit,Liquid Detergents,31320,410874,410874,Wipro Safewash Top Load Liquid Detergent,Wipro Safewash,430,218,2 ltr,True,1,1,Matic Liquid Detergent,Top Load Liquid Detergent,https://cdn.grofers.com/da/cms-assets/cms/product/a30c7b41-3229-4cc6-be7d-591dec23d941.png;https://cdn.grofers.com/da/cms-assets/cms/product/1afc2dcd-2789-4135-8c7a-fdfe22f29a2d.png;https://cdn.grofers.com/da/cms-assets/cms/product/bd7971ff-7483-47a0-8116-4b622a9fc75d.png;https://cdn.grofers.com/da/cms-assets/cms/product/b11db7ed-a5d8-4bf1-bb2d-2029293d047a.png;https://cdn.grofers.com/da/cms-assets/cms/product/6ba96255-de2e-434d-9470-e902089fdfda.png;https://cdn.grofers.com/da/cms-assets/cms/product/09101cd5-8100-4338-9c9b-22396e2412e6.png;https://cdn.grofers.com/da/cms-assets/cms/product/023f1f64-e039-4a2e-b06f-ae7a9412dd71.png;https://cdn.grofers.com/app/images/products/common/customer_care.jpg,5,4.631000
blinkit,Liquid Detergents,31320,392236,392236,Surf Excel Matic Front Load Liquid Detergent,Surf Excel,364,340,2 ltr,True,1,1,Matic Liquid Detergent,Front Load Liquid Detergent,https://cdn.grofers.com/da/cms-assets/cms/product/887b5107-dd2e-4430-bdaa-ebb8c1bb1ebc.png;https://cdn.grofers.com/da/cms-assets/cms/product/b3191da8-c42f-42ca-bcc2-612625ce1beb.png;https://cdn.grofers.com/da/cms-assets/cms/product/afe8b459-402b-4a0b-8fb9-ab775d73e865.png;https://cdn.grofers.com/da/cms-assets/cms/product/d0aaf39d-61fd-4199-b4c4-a5c10dbc8d82.png;https://cdn.grofers.com/da/cms-assets/cms/product/5382312c-ee0b-4757-83ae-8c955bb7d710.png;https://cdn.grofers.com/da/cms-assets/cms/product/0b4ffa35-54a2-44d3-88cb-f8cfec91905e.png;https://cdn.grofers.com/da/cms-assets/cms/product/78e962a1-1219-4351-bcdc-007bae242a47.png;https://cdn.grofers.com/da/cms-assets/cms/product/9b2f510b-7652-42dd-8962-4a16ac90c9d1.png;https://cdn.grofers.com/da/cms-assets/cms/product/fa3b02ab-f749-462a-b77d-9d76dadfb438.png;https://cdn.grofers.com/app/images/products/common/customer_care.jpg,6,4.696000
blinkit,Liquid Detergents,31320,678465,678465,Surf Excel Matic Express Liquid Detergent,Surf Excel,410,330,2 ltr,True,1,1,Matic Liquid Detergent,Liquid Detergent,https://cdn.grofers.com/da/cms-assets/cms/product/3e7bab14-066a-4647-be92-14fc4c351084.png;https://cdn.grofers.com/da/cms-assets/cms/product/86827eb4-2341-44b6-b707-8b6b6b093eb5.png;https://cdn.grofers.com/da/cms-assets/cms/product/154a2ff3-fa53-4cba-b711-ac01de24d7ea.png;https://cdn.grofers.com/da/cms-assets/cms/product/921b53fa-a20c-4c7b-9c9f-e8336dd56d6b.png;https://cdn.grofers.com/da/cms-assets/cms/product/b1dfcc53-7519-472f-b583-1760c7e1d6b5.png;https://cdn.grofers.com/da/cms-assets/cms/product/ea2b4b62-dde8-48c3-a30f-e8d2cb423b5e.png;https://cdn.grofers.com/da/cms-assets/cms/product/0e1ff11e-a17e-4fb9-8846-5ccef289968f.png;https://cdn.grofers.com/da/cms-assets/cms/product/99a00e49-271d-4236-9b70-272c2d7db9e3.png;https://cdn.grofers.com/da/cms-assets/cms/product/6c6a726b-c71d-4204-9381-fccb028b7515.png;https://cdn.grofers.com/da/cms-assets/cms/product/5403dd34-7386-4ff9-a6d1-aef0cbf56fda.png;https://cdn.grofers.com/app/images/products/common/customer_care.jpg,7,0
blinkit,Liquid Detergents,31320,396907,396907,Surf Excel Easy Wash Liquid Detergent,Surf Excel,205,205,1 ltr,True,2,2,Non-Matic Liquid Detergents,Liquid Detergent,https://cdn.grofers.com/da/cms-assets/cms/product/995fc0b2-eb97-430c-b52e-d5374a8a590a.png;https://cdn.grofers.com/da/cms-assets/cms/product/191b1ecf-acd3-4682-8a8b-99a733012a31.png;https://cdn.grofers.com/da/cms-assets/cms/product/86ab07da-b2be-4e83-890e-cff92cdd667e.png;https://cdn.grofers.com/da/cms-assets/cms/product/b3ec3e5e-7d6f-4ec6-b0c9-9dc642aa1153.png;https://cdn.grofers.com/da/cms-assets/cms/product/08b8203f-cb16-425e-8f8e-d5df24ec9287.png;https://cdn.grofers.com/da/cms-assets/cms/product/e227ff94-d0ea-4a91-966b-9ae3b48f9903.png;https://cdn.grofers.com/da/cms-assets/cms/product/e3da449f-0792-4ffd-9d33-55c1bfb04a34.png;https://cdn.grofers.com/app/images/products/common/customer_care.jpg,8,4.687000
blinkit,Liquid Detergents,31320,548250,548250,Wipro Safewash Front Load Liquid Detergent,Wipro Safewash,490,248,2 ltr,True,1,1,Matic Liquid Detergent,Front Load Liquid Detergent,https://cdn.grofers.com/da/cms-assets/cms/product/06da0c8e-3a38-460e-82ea-1da78f45a16f.png;https://cdn.grofers.com/da/cms-assets/cms/product/23b07197-0ab5-4000-9e3c-ec479a681ae1.png;https://cdn.grofers.com/da/cms-assets/cms/product/8824c996-83da-4fbd-b7fc-41ce4e77b727.png;https://cdn.grofers.com/da/cms-assets/cms/product/44a52ce1-b9cd-4d44-98a0-d085315408a8.png;https://cdn.grofers.com/da/cms-assets/cms/product/c6abe5ea-e9bf-46d9-ac3a-8e911716c932.png;https://cdn.grofers.com/da/cms-assets/cms/product/20fa0c24-a139-4889-b04c-11561e07bc0a.png;https://cdn.grofers.com/da/cms-assets/cms/product/65fef2c1-fc86-4194-bf2f-e845f88c28cf.png;https://cdn.grofers.com/da/cms-assets/cms/product/4575c5ee-7c81-4b7d-9c18-51d3568b58f5.png;https://cdn.grofers.com/app/images/products/common/customer_care.jpg,9,4.571000
blinkit,Liquid Detergents,31320,678446,678446,Surf Excel Matic Express Clean & Fresh Liquid Detergent,Surf Excel,410,330,2 ltr,True,1,1,Matic Liquid Detergent,Liquid Detergent,https://cdn.grofers.com/da/cms-assets/cms/product/71789c2c-e639-42a6-8e2e-732b9224a3a6.png;https://cdn.grofers.com/da/cms-assets/cms/product/dd7f9b6e-a427-4131-aeb6-0daab1e2b7ae.png;https://cdn.grofers.com/da/cms-assets/cms/product/39f728ce-6fbf-4d53-93c1-c8aecdd5febb.png;https://cdn.grofers.com/da/cms-assets/cms/product/1c7664d6-5d9a-48a0-be2b-eac6516ebc9d.png;https://cdn.grofers.com/da/cms-assets/cms/product/f9cd8d53-3ff9-4c4e-a6b1-7a41bbf185ba.png;https://cdn.grofers.com/da/cms-assets/cms/product/7ef313df-f706-4ae2-bb34-302e701c3756.png;https://cdn.grofers.com/da/cms-assets/cms/product/d4510753-1853-4a0a-93fd-ede2c47916ae.png;https://cdn.grofers.com/da/cms-assets/cms/product/86491748-91de-4da4-b664-0a447ecc218a.png;https://cdn.grofers.com/da/cms-assets/cms/product/3cbd05a4-5794-481b-8a78-1c66c936ec1c.png;https://cdn.grofers.com/da/cms-assets/cms/product/02f410bd-df28-453a-8b07-37d79ad3a743.png;https://cdn.grofers.com/app/images/products/common/customer_care.jpg,10,0
blinkit,Liquid Detergents,31320,552739,552739,Surf Excel Matic Top Load Liquid Detergent - 4 ltrs,Surf Excel,718,529,4 ltr,True,2,2,Matic Liquid Detergent,Top Load Liquid Detergent,https://cdn.grofers.com/da/cms-assets/cms/product/64bb4dff-d5b1-481c-9dbe-335a970ac63a.png;https://cdn.grofers.com/da/cms-assets/cms/product/29e1beef-a82d-495a-bc51-46beba867f7e.png;https://cdn.grofers.com/da/cms-assets/cms/product/6381d47d-5142-498c-b597-291539e5a423.png;https://cdn.grofers.com/da/cms-assets/cms/product/1b3b8690-b1a1-40fd-b196-f44836d85bec.png;https://cdn.grofers.com/da/cms-assets/cms/product/a92f01e0-bdae-4634-8f06-8be5c21901f0.png;https://cdn.grofers.com/da/cms-assets/cms/product/f1b6a812-03d3-4e81-b245-c5ee5eb296a9.png;https://cdn.grofers.com/da/cms-assets/cms/product/0dff5e4e-2c66-438d-9fa3-3c5c10a6923c.png;https://cdn.grofers.com/app/images/products/common/customer_care.jpg,11,4.725000
blinkit,Liquid Detergents,31320,678421,678421,Surf Excel Matic Express Clean & Care Liquid Detergent,Surf Excel,235,215,830 ml,True,1,1,Matic Liquid Detergent,Liquid Detergent,https://cdn.grofers.com/da/cms-assets/cms/product/0ceeba6b-e32e-483b-a915-92b31fd8862a.png;https://cdn.grofers.com/da/cms-assets/cms/product/38fcfe05-2cf3-4ac7-9e84-2120c76e9517.png;https://cdn.grofers.com/da/cms-assets/cms/product/d9d1119b-6541-4736-8688-4aaa31994b40.png;https://cdn.grofers.com/da/cms-assets/cms/product/6f557662-27f5-45e1-9388-4e79a4b95133.png;https://cdn.grofers.com/da/cms-assets/cms/product/ba5da55c-3013-4e54-84b1-04330fe936cc.png;https://cdn.grofers.com/da/cms-assets/cms/product/24962ee9-82c5-41e3-9c5b-16ab2f387ee0.png;https://cdn.grofers.com/da/cms-assets/cms/product/967eb162-da02-468d-a3e6-69c629c89ba1.png;https://cdn.grofers.com/da/cms-assets/cms/product/05be34dc-fe65-48d0-8d56-17d5eb28b8e5.png;https://cdn.grofers.com/da/cms-assets/cms/product/1ca444d2-7e7d-4aa5-bfc7-8b93ac591454.png;https://cdn.grofers.com/da/cms-assets/cms/product/cdf93fa0-0500-4e51-bad4-b4bd434be281.png;https://cdn.grofers.com/app/images/products/common/customer_care.jpg,12,0
blinkit,Liquid Detergents,31320,521745,521745,Surf Excel Front Load Liquid Detergent (3.2 l),Surf Excel,646,510,3.2 ltr,True,4,4,Matic Liquid Detergent,Front Load Liquid Detergent,https://cdn.grofers.com/da/cms-assets/cms/product/71f3b219-6d10-41e1-9d9c-2ceb0b984091.png;https://cdn.grofers.com/da/cms-assets/cms/product/b29e877d-1f00-42fd-830d-7054e11d2b68.png;https://cdn.grofers.com/da/cms-assets/cms/product/09b9dc5a-696b-4e1a-803e-ab809347d7dd.png;https://cdn.grofers.com/da/cms-assets/cms/product/e7ca7ff1-7ea7-407a-9985-ef5ea20faa10.png;https://cdn.grofers.com/da/cms-assets/cms/product/17ff5a7f-8714-425f-ae56-6488fc378a7d.png;https://cdn.grofers.com/da/cms-assets/cms/product/3bc1d110-5aff-4583-8ff6-19c1c38600d1.png;https://cdn.grofers.com/da/cms-assets/cms/product/54967802-7cfe-4e79-b26c-6227bac5824d.png;https://cdn.grofers.com/da/cms-assets/cms/product/4d6db304-ded6-4682-835e-170fd8639db1.png;https://cdn.grofers.com/app/images/products/common/customer_care.jpg,13,4.703000
blinkit,Liquid Detergents,31320,429799,429799,Godrej Genteel Matic Top Load Liquid Detergent,Godrej Genteel,320,247,2 kg,True,2,2,Matic Liquid Detergent,Top Load Liquid Detergent,https://cdn.grofers.com/da/cms-assets/cms/product/2eded8dc-1d48-42c9-929e-805f17150bce.png;https://cdn.grofers.com/da/cms-assets/cms/product/0128e55d-4c4e-4574-be21-c5b6144f2a44.png;https://cdn.grofers.com/da/cms-assets/cms/product/89da06cb-c3ef-4db9-b4d5-cc865836cff2.png;https://cdn.grofers.com/da/cms-assets/cms/product/12d53d0f-9b0d-45da-ad7d-a93f70c73142.png;https://cdn.grofers.com/da/cms-assets/cms/product/bee0672f-0ae3-457d-9fd3-3c8900d84c29.png;https://cdn.grofers.com/da/cms-assets/cms/product/1ab71274-5232-4cc2-8bad-4da88c94b968.png;https://cdn.grofers.com/da/cms-assets/cms/product/45cef382-5164-4b13-89ce-50a10abcc92a.png;https://cdn.grofers.com/da/cms-assets/cms/product/ba9807d7-5c87-45c4-902e-cd54d108be1a.png;https://cdn.grofers.com/da/cms-assets/cms/product/1ff8b840-45bc-4c3d-86f5-cfe21f993aaa.png;https://cdn.grofers.com/da/cms-assets/cms/product/6e04a2e6-7518-4f19-9b57-ca69a2382987.png;https://cdn.grofers.com/da/cms-assets/cms/product/56f5d4e3-2a6f-4a71-87cd-0393fd7c8b9e.png;https://cdn.grofers.com/app/images/products/common/customer_care.jpg,14,4.725000
blinkit,Liquid Detergents,31320,552740,552740,Surf Excel Front Load Liquid Detergent,Surf Excel,799,599,4 ltr,True,3,3,Matic Liquid Detergent,Front Load Liquid Detergent,https://cdn.grofers.com/da/cms-assets/cms/product/97547a43-0666-4ac6-ab67-7fe5ed2e1d19.png;https://cdn.grofers.com/da/cms-assets/cms/product/7e186844-92bf-4f24-b333-ea4e619c10dc.png;https://cdn.grofers.com/da/cms-assets/cms/product/a9366ae4-0fb1-4fd3-af39-dfd5412750fb.png;https://cdn.grofers.com/da/cms-assets/cms/product/c96d8d1a-757a-41d7-993f-c8e20c3c7394.png;https://cdn.grofers.com/da/cms-assets/cms/product/5bf82fa4-5c72-4b16-a7c3-dc210fb609d8.png;https://cdn.grofers.com/da/cms-assets/cms/product/67119d76-55a2-4e46-a6ed-b2d53ef4af08.png;https://cdn.grofers.com/da/cms-assets/cms/product/aa64f950-79e8-44b0-9afc-dd71132642ed.png;https://cdn.grofers.com/app/images/products/common/customer_care.jpg,15,4.723000
blinkit,Liquid Detergents,31320,559547,559547,Ariel Matic - Front Load Liquid Detergent,Ariel,899,619,4 ltr,True,1,1,Matic Liquid Detergent,Front Load Liquid Detergent,https://cdn.grofers.com/da/cms-assets/cms/product/105ec8d9-dfb2-4c4c-bc92-684e36431ce5.png;https://cdn.grofers.com/da/cms-assets/cms/product/9f134855-098c-4217-b6ea-0fafb77646a7.png;https://cdn.grofers.com/da/cms-assets/cms/product/daecf859-8448-493a-bd1c-0d1b6b9a10d2.png;https://cdn.grofers.com/da/cms-assets/cms/product/2486b47a-1990-48df-8746-69c46b43ff99.png;https://cdn.grofers.com/da/cms-assets/cms/product/4c82cb2d-4045-4f9e-8f08-3ad8b2acdee7.png;https://cdn.grofers.com/da/cms-assets/cms/product/3f30a6aa-fd66-4511-acfd-5858cafb988c.png;https://cdn.grofers.com/da/cms-assets/cms/product/715185d7-7c6f-46d9-bb47-e9d9c8327069.png;https://cdn.grofers.com/da/cms-assets/cms/product/a1fc833f-d23f-4ad9-8b7e-08815e5cb303.png;https://cdn.grofers.com/app/images/products/common/customer_care.jpg,16,4.658000
blinkit,Liquid Detergents,31320,655059,655059,Godrej Genteel Matic Front Load Liquid Detergent - Refill Pouch,Godrej Genteel,650,553,3.85 ltr,True,1,1,Matic Liquid Detergent,Front Load Liquid Detergent,https://cdn.grofers.com/da/cms-assets/cms/product/80bd4366-0943-4bbb-90a7-4a299244e0ab.png;https://cdn.grofers.com/da/cms-assets/cms/product/25df15ab-3e30-4f03-aa3a-faa49c6f560f.png;https://cdn.grofers.com/da/cms-assets/cms/product/f2c4592b-9cf0-4b2d-a48f-8787c7c0702f.png;https://cdn.grofers.com/da/cms-assets/cms/product/8f969f32-2fe3-43e1-9cca-0b66df5d66a2.png;https://cdn.grofers.com/da/cms-assets/cms/product/52ac6c0b-6e42-45d1-bae3-f57fffb5ae85.png;https://cdn.grofers.com/da/cms-assets/cms/product/4624f5e0-090e-4359-bcce-b204426cc67b.png;https://cdn.grofers.com/app/images/products/common/customer_care.jpg,17,4.863000
blinkit,Liquid Detergents,31320,424215,424215,Ariel Top Load Liquid Detergent 1 l,Ariel,229,224,1 ltr,True,1,1,Matic Liquid Detergent,Top Load Liquid Detergent,https://cdn.grofers.com/da/cms-assets/cms/product/7e10c999-5381-41bf-b626-663715dd7d13.png;https://cdn.grofers.com/da/cms-assets/cms/product/52bdbdae-114d-4b70-8ae5-bd00e57df6c6.png;https://cdn.grofers.com/da/cms-assets/cms/product/3bcd3411-101c-43ea-8025-8cf19901d818.png;https://cdn.grofers.com/da/cms-assets/cms/product/923dac65-f0c9-4cdd-a82c-a4c6ab66327b.png;https://cdn.grofers.com/da/cms-assets/cms/product/0bf3e566-8af0-477f-9990-9101c3e6ee59.png;https://cdn.grofers.com/da/cms-assets/cms/product/6e26f8de-b064-43f5-9fdb-f3555f706896.png;https://cdn.grofers.com/da/cms-assets/cms/product/baf80d32-27a9-4106-87d2-521636718d03.png;https://cdn.grofers.com/da/cms-assets/cms/product/1f5ff4ce-5e93-4269-a9b4-04d2873e835b.png;https://cdn.grofers.com/da/cms-assets/cms/product/52300f72-019f-4b48-be4f-2743f3f07254.png;https://cdn.grofers.com/app/images/products/common/customer_care.jpg,18,4.706000
blinkit,Liquid Detergents,31320,528644,528644,Tide Matic Front Load Liquid Detergent,Tide,192,192,850 ml,True,1,1,Matic Liquid Detergent,Front Load Liquid Detergent,https://cdn.grofers.com/da/cms-assets/cms/product/492d85be-830a-40b0-b47d-cc519319055a.png;https://cdn.grofers.com/da/cms-assets/cms/product/4243d77c-d7a7-411a-a9f3-6560d5de3b65.png;https://cdn.grofers.com/da/cms-assets/cms/product/d50d4eb4-868b-4ac0-8190-b5a4b01ffeae.png;https://cdn.grofers.com/da/cms-assets/cms/product/18898fac-3b81-4f26-9f84-13852654772d.png;https://cdn.grofers.com/da/cms-assets/cms/product/dd2ebe8e-64be-4751-b84d-8e62387bda69.png;https://cdn.grofers.com/da/cms-assets/cms/product/8165ff74-2a9b-4c75-a2a4-157b365973f9.png;https://cdn.grofers.com/da/cms-assets/cms/product/94550f4f-d1d4-4865-9fd0-307cdfed0b7d.png;https://cdn.grofers.com/da/cms-assets/cms/product/52360dbe-7500-4db7-8738-f97b87ee8312.png;https://cdn.grofers.com/app/images/products/common/customer_care.jpg,19,4.653000
blinkit,Liquid Detergents,31320,528645,528645,Tide Matic Front Load Liquid Detergent,Tide,430,280,2 ltr,True,1,1,Matic Liquid Detergent,Front Load Liquid Detergent,https://cdn.grofers.com/da/cms-assets/cms/product/785f49ef-629d-4c2f-a53a-072267096962.png;https://cdn.grofers.com/da/cms-assets/cms/product/78fee400-ccaf-4db5-a939-5a4cfe1cc845.png;https://cdn.grofers.com/da/cms-assets/cms/product/932786a0-864b-46bc-8175-e7ae07836f5e.png;https://cdn.grofers.com/da/cms-assets/cms/product/ac6deec0-9e74-43be-827f-51f74254d2f4.png;https://cdn.grofers.com/da/cms-assets/cms/product/7e76639c-4dd6-4d5c-bbce-1a9b38af5e36.png;https://cdn.grofers.com/da/cms-assets/cms/product/9ed9feb0-de76-411e-81b2-27062f892465.png;https://cdn.grofers.com/app/images/products/common/customer_care.jpg,19,4.686000
blinkit,Liquid Detergents,31320,570324,570324,Tide Matic Front Load Liquid Detergent - Pack of 2,Tide,860,516,2 x 2 ltr,True,0,0,Matic Liquid Detergent,Front Load Liquid Detergent,https://cdn.grofers.com/da/cms-assets/cms/product/50f07741-fd36-4b61-9df5-e8bb3344d563.png;https://cdn.grofers.com/da/cms-assets/cms/product/e948c457-6a4a-4e00-9dc3-7ee13b56c8e1.jpg;https://cdn.grofers.com/da/cms-assets/cms/product/210b1359-efe9-4eed-a221-14ce02434c7c.jpg;https://cdn.grofers.com/da/cms-assets/cms/product/fca99e13-c80c-4fa1-a8b2-95d1bd69ae5f.jpg;https://cdn.grofers.com/da/cms-assets/cms/product/383b839b-ad32-453f-a10e-d268fec4f486.jpg;https://cdn.grofers.com/da/cms-assets/cms/product/54cf9c87-79f5-4b8c-8678-bc67ac715380.jpg;https://cdn.grofers.com/app/images/products/common/customer_care.jpg,19,4.543000
blinkit,Liquid Detergents,31320,522776,522776,Surf Excel 3 In 1 Smart Shots Detergent Pods,Surf Excel,325,270,17 shots,True,1,1,Matic Liquid Detergent,Detergent Pods,https://cdn.grofers.com/da/cms-assets/cms/product/06d02e75-ab18-4a15-90e9-70a37dae8cd6.png;https://cdn.grofers.com/da/cms-assets/cms/product/8fc86175-b903-4e04-84de-4d91a6bb52a7.png;https://cdn.grofers.com/da/cms-assets/cms/product/745f674d-93b6-4301-ab81-9b9e0d1369bd.png;https://cdn.grofers.com/da/cms-assets/cms/product/002f9e72-549e-4a6b-9419-4c3c7fa9d124.png;https://cdn.grofers.com/da/cms-assets/cms/product/fb4da06a-0318-4581-9369-2c20811edef6.png;https://cdn.grofers.com/da/cms-assets/cms/product/17d412ab-1543-4a97-9b73-186f0b15f84c.png;https://cdn.grofers.com/da/cms-assets/cms/product/0d119ff5-d2ed-4610-8ff7-26f839d9dcbb.png;https://cdn.grofers.com/da/cms-assets/cms/product/c88e17f0-5d35-4499-a307-e4c48f20b378.png;https://cdn.grofers.com/da/cms-assets/cms/product/fc16ea0c-384d-455b-8061-aec623050d00.png;https://cdn.grofers.com/da/cms-assets/cms/product/61355332-32df-41c5-969a-c1d48b7f4f6d.png;https://cdn.grofers.com/da/cms-assets/cms/product/5c6a45e7-091a-4ea6-9fd3-59da02f1a362.png;https://cdn.grofers.com/da/cms-assets/cms/product/2bc3c9ca-9ab8-4418-9409-fa2d0b7af92c.png;https://cdn.grofers.com/app/images/products/common/customer_care.jpg,20,4.704000
blinkit,Liquid Detergents,31320,553273,553273,Ujala Front Load Liquid Detergent,Ujala,340,272,2 ltr,True,1,1,Matic Liquid Detergent,Front Load Liquid Detergent,https://cdn.grofers.com/da/cms-assets/cms/product/45b15ee2-3862-4e5e-8a52-0dde88fb566f.png;https://cdn.grofers.com/da/cms-assets/cms/product/223cd535-9406-4a6b-98e7-26645f1b70e2.png;https://cdn.grofers.com/da/cms-assets/cms/product/01649f9b-04a5-477b-bfbc-88fbb06a9e0f.png;https://cdn.grofers.com/da/cms-assets/cms/product/eaa07cfa-a508-4255-b55a-4c89beee1df2.png;https://cdn.grofers.com/da/cms-assets/cms/product/e59ab3f6-be89-433a-b892-9ed46c8fcc6e.png;https://cdn.grofers.com/da/cms-assets/cms/product/820ea179-9c07-4dcf-a699-a23bafe3dcfc.png;https://cdn.grofers.com/da/cms-assets/cms/product/7022533a-8754-48fe-a0b6-7782d6bb0456.png;https://cdn.grofers.com/app/images/products/common/customer_care.jpg,21,4.656000
blinkit,Liquid Detergents,31320,565187,565187,Beco Natural Top Load Top Load Liquid Detergent,Beco,399,227,2 ltr,True,1,1,Matic Liquid Detergent,Top Load Liquid Detergent,https://cdn.grofers.com/da/cms-assets/cms/product/10499b85-9b48-463a-bb58-889d52b31fe7.png;https://cdn.grofers.com/da/cms-assets/cms/product/356cf14a-c279-4782-8bd5-2ee0f72b9ca3.png;https://cdn.grofers.com/da/cms-assets/cms/product/72758e19-96fc-47bc-9469-73c821b475cc.png;https://cdn.grofers.com/da/cms-assets/cms/product/b4532539-db59-47f8-b6b9-d11339e064da.png;https://cdn.grofers.com/da/cms-assets/cms/product/2886936f-091d-4581-b612-77df55492334.png;https://cdn.grofers.com/da/cms-assets/cms/product/d8a64ba7-82f9-4811-b47a-6013aa974ce1.png;https://cdn.grofers.com/da/cms-assets/cms/product/58e58781-453b-40fb-9cf6-607da872bf9c.png;https://cdn.grofers.com/da/cms-assets/cms/product/08d3b298-f8ae-4f52-8d73-669a04e9be0c.png;https://cdn.grofers.com/app/images/products/common/customer_care.jpg,22,4.719000
blinkit,Liquid Detergents,31320,596612,596612,Henko Matic Front Load Liquid Detergent,Henko,560,299,3.2 ltr,True,2,2,Matic Liquid Detergent,Front Load Liquid Detergent,https://cdn.grofers.com/da/cms-assets/cms/product/fc4404b7-0808-40ec-bff7-9ad2734b8816.png;https://cdn.grofers.com/da/cms-assets/cms/product/06398e88-37ea-438e-812e-20f35b97b5fb.png;https://cdn.grofers.com/da/cms-assets/cms/product/aa1d3e4a-fdd4-4d7e-8a6d-7ebbd0716c51.png;https://cdn.grofers.com/da/cms-assets/cms/product/0bdd6e3f-4fdf-4727-a6b1-3e7d30ec52a4.png;https://cdn.grofers.com/da/cms-assets/cms/product/db64ae7b-336c-4df3-bde3-84418ba50c2b.png;https://cdn.grofers.com/da/cms-assets/cms/product/1832f43c-b4c3-4ed3-b7d3-1a24a784d92b.png;https://cdn.grofers.com/app/images/products/common/customer_care.jpg,23,4.682000
blinkit,Liquid Detergents,31320,401,401,Godrej Ezee Woollen Liquid Detergent For Winterwear,Godrej Ezee,225,214,1 kg,True,2,2,Winter Liquid Detergent,Woollen Liquid Detergent,https://cdn.grofers.com/da/cms-assets/cms/product/a9c8136f-2112-472c-9c2a-1906f9dc9465.png;https://cdn.grofers.com/da/cms-assets/cms/product/9babdcb4-6ff3-4f4c-a222-2719ce6ed8e8.png;https://cdn.grofers.com/da/cms-assets/cms/product/dd69c530-04aa-43ec-851c-53b6bd990dbb.png;https://cdn.grofers.com/da/cms-assets/cms/product/dd662fda-5d0d-4935-8b66-821899579d57.png;https://cdn.grofers.com/da/cms-assets/cms/product/b5bbece1-fc12-4561-9829-4d7411e71878.png;https://cdn.grofers.com/da/cms-assets/cms/product/1db67a42-9065-4ffa-a33c-f62f5c924cdd.png;https://cdn.grofers.com/da/cms-assets/cms/product/552d480a-88fa-424b-97f7-feb03cb2592d.png;https://cdn.grofers.com/da/cms-assets/cms/product/e1ed96e9-4c09-416c-aef4-d3ab30ffa2ab.png;https://cdn.grofers.com/da/cms-assets/cms/product/f9507f57-7c92-4785-9e6f-847388c6771d.png;https://cdn.grofers.com/app/images/products/common/customer_care.jpg,24,4.697000
blinkit,Liquid Detergents,31320,455288,455288,Ariel Top Load Liquid Detergent 2 l,Ariel,319,319,2 ltr,True,1,1,Matic Liquid Detergent,Top Load Liquid Detergent,https://cdn.grofers.com/da/cms-assets/cms/product/345fd890-e475-440b-bbcf-afb1c980639f.png;https://cdn.grofers.com/da/cms-assets/cms/product/88cd207c-7ca6-4f40-bb6b-7f220b736d9f.png;https://cdn.grofers.com/da/cms-assets/cms/product/ce81f058-cd27-4f13-a43c-c29cc4bf1514.png;https://cdn.grofers.com/da/cms-assets/cms/product/ef021548-1353-4b1b-bcdf-d98716519bda.png;https://cdn.grofers.com/da/cms-assets/cms/product/75496603-fbe5-48fa-9675-c1dd577d6666.png;https://cdn.grofers.com/da/cms-assets/cms/product/9c52cc48-ac02-4421-8f54-fd3c9191fc34.png;https://cdn.grofers.com/da/cms-assets/cms/product/1f162118-4ca3-49cd-aab0-62cf86f51474.png;https://cdn.grofers.com/da/cms-assets/cms/product/48d7895d-e01e-4ed0-8319-ea75e4c021ff.png;https://cdn.grofers.com/da/cms-assets/cms/product/a3dc4cbc-7c91-40d6-8b42-a4018b32492d.png;https://cdn.grofers.com/app/images/products/common/customer_care.jpg,25,4.721000
blinkit,Liquid Detergents,31320,455289,455289,Ariel Front Load Liquid Detergent 2 l,Ariel,365,365,2 ltr,True,2,2,Matic Liquid Detergent,Front Load Liquid Detergent,https://cdn.grofers.com/da/cms-assets/cms/product/f1e210f6-a3a9-4768-a5fb-9e4b152ae2ed.png;https://cdn.grofers.com/da/cms-assets/cms/product/1e27bf4f-23cd-48f5-bba4-a91a38ef5a26.png;https://cdn.grofers.com/da/cms-assets/cms/product/b3fb36c1-2672-49cc-8e02-2cefad4480b1.png;https://cdn.grofers.com/da/cms-assets/cms/product/640aaeb5-c817-4364-82e0-95d21c41766f.png;https://cdn.grofers.com/da/cms-assets/cms/product/67e4cf18-98a9-48e6-a08d-5bc44597f866.png;https://cdn.grofers.com/da/cms-assets/cms/product/f01f2865-e239-487c-9d8b-db2ad8ae429b.png;https://cdn.grofers.com/da/cms-assets/cms/product/4ef13b21-8cba-4193-bb05-a0c469770053.png;https://cdn.grofers.com/da/cms-assets/cms/product/b84135e6-d9ce-492a-9dbd-74f00ce3edc1.png;https://cdn.grofers.com/app/images/products/common/customer_care.jpg,26,4.723000
blinkit,Liquid Detergents,31320,24615,24615,Robin Pre-Wash Cuffs and Collars Fabric Whitener,Robin,80,80,200 ml,True,2,2,Stain Remover & Whiteners,Fabric Whitener,https://cdn.grofers.com/da/cms-assets/cms/product/a3e0b98e-9570-4354-b364-e6c9ddb7c5fc.png;https://cdn.grofers.com/da/cms-assets/cms/product/c9867f6b-8283-4835-950b-89d8b8d0ec8b.jpg;https://cdn.grofers.com/da/cms-assets/cms/product/2b22d347-8165-491a-9563-c72f4645a7de.jpg;https://cdn.grofers.com/app/images/products/common/customer_care.jpg,27,4.597000
blinkit,Liquid Detergents,31320,484556,484556,Robin Pre-Wash Cuffs and Collars Fabric Whitener - Pack of 2,Robin,160,144,2 x 200 ml,True,0,0,Stain Remover & Whiteners,Fabric Whitener,https://cdn.grofers.com/da/cms-assets/cms/product/c893d640-33f0-472d-8744-b2c0023b2c2e.png;https://cdn.grofers.com/da/cms-assets/cms/product/fe4e7c5d-5325-4d65-994e-746c5dd4dce7.jpg;https://cdn.grofers.com/da/cms-assets/cms/product/f8be1700-2b99-4dc8-9050-12726a129e01.jpg;https://cdn.grofers.com/da/cms-assets/cms/product/79d0a188-85f9-482e-b48b-ec492d1a6cbf.jpg;https://cdn.grofers.com/app/images/products/common/customer_care.jpg,27,4.813000
blinkit,Liquid Detergents,31320,445395,445395,Mee Mee Mild Baby Laundry Detergent Refill,Mee Mee,449,243,1 ltr,True,2,2,Hygiene,Baby Laundry Detergent,https://cdn.grofers.com/da/cms-assets/cms/product/3e249151-fb69-4d23-be1c-7299ab4745cc.png;https://cdn.grofers.com/da/cms-assets/cms/product/e9e223e6-8384-4d5f-802f-c2cbd1ec15c9.png;https://cdn.grofers.com/da/cms-assets/cms/product/5ed57647-5d4a-4411-818a-d3fd8235cfec.png;https://cdn.grofers.com/da/cms-assets/cms/product/39b6833d-0de7-45bb-89e2-c1537c623b4e.png;https://cdn.grofers.com/da/cms-assets/cms/product/a57cb25b-9e47-4fa6-bdb2-7b78b0a45fba.png;https://cdn.grofers.com/da/cms-assets/cms/product/a9eba265-c41b-48e9-9e70-ec4068796f75.png;https://cdn.grofers.com/da/cms-assets/cms/product/60c55b14-6ebb-46e4-8e44-b95bd3c37bca.png;https://cdn.grofers.com/da/cms-assets/cms/product/5cece899-7e3b-4b1a-ae18-134e29ee87d3.png;https://cdn.grofers.com/da/cms-assets/cms/product/f434a273-2069-450d-9c55-c60a30c4ed3e.png;https://cdn.grofers.com/da/cms-assets/cms/product/bf3bfdac-950a-4124-87f9-7a2724f71372.png;https://cdn.grofers.com/da/cms-assets/cms/product/6e0afa60-997f-4e41-a7b0-69b2e7acedb7.png;https://cdn.grofers.com/app/images/products/common/customer_care.jpg,28,4.678000
blinkit,Liquid Detergents,31320,534240,534240,Beco Top Load Liquid Detergent,Beco,220,126,1 ltr,True,2,2,Matic Liquid Detergent,Top Load Liquid Detergent,https://cdn.grofers.com/da/cms-assets/cms/product/081757ce-acc5-402b-9f67-85219bbcf669.png;https://cdn.grofers.com/da/cms-assets/cms/product/4360a381-e846-43cc-8f3a-db3b51d1be5f.png;https://cdn.grofers.com/da/cms-assets/cms/product/dfa8cbe3-078b-4150-9823-5cc9fc94f915.png;https://cdn.grofers.com/da/cms-assets/cms/product/2e293f04-c756-419a-bf2b-de8b92771fe9.png;https://cdn.grofers.com/da/cms-assets/cms/product/44a99a83-42cb-4ddd-ba8a-c114504c04ac.png;https://cdn.grofers.com/da/cms-assets/cms/product/a8eec410-b5ae-48b0-8a1e-baa9357453c2.png;https://cdn.grofers.com/da/cms-assets/cms/product/77d53b26-b973-4999-bb61-cb1df9182bdd.png;https://cdn.grofers.com/app/images/products/common/customer_care.jpg,29,4.371000
blinkit,Liquid Detergents,31320,424216,424216,Ariel Front Load Liquid Detergent 1 l,Ariel,259,253,1 ltr,True,1,1,Matic Liquid Detergent,Front Load Liquid Detergent,https://cdn.grofers.com/da/cms-assets/cms/product/210a72e3-fd8f-4f06-b429-31ea176887cd.png;https://cdn.grofers.com/da/cms-assets/cms/product/9b69d719-f10b-4f31-a3d7-f6795f02535d.png;https://cdn.grofers.com/da/cms-assets/cms/product/cc24a189-320f-4917-b154-49f2e1251136.png;https://cdn.grofers.com/da/cms-assets/cms/product/007becfd-3c0d-4fac-8cde-a113b21a9199.png;https://cdn.grofers.com/da/cms-assets/cms/product/9e59b4a8-b1fe-44c3-9bdb-33f8129f0fef.png;https://cdn.grofers.com/da/cms-assets/cms/product/f6f8b82c-06d5-4c36-878e-1a466b8219e8.png;https://cdn.grofers.com/da/cms-assets/cms/product/d96ede40-c030-46ed-9e75-24a9164686aa.png;https://cdn.grofers.com/da/cms-assets/cms/product/c64ccaeb-9a8c-41b0-ad96-4d6886059341.png;https://cdn.grofers.com/app/images/products/common/customer_care.jpg,30,4.644000
blinkit,Liquid Detergents,31320,552444,552444,Rin Top Load Liquid Detergent,Rin,271,210,2 ltr,True,3,3,Matic Liquid Detergent,Top Load Liquid Detergent,https://cdn.grofers.com/da/cms-assets/cms/product/56273f86-fd1e-44f9-83fa-affec3423477.png;https://cdn.grofers.com/da/cms-assets/cms/product/35ef48c4-f1d4-47b0-b48e-407d61d68459.png;https://cdn.grofers.com/da/cms-assets/cms/product/a52943ba-59c7-4615-8755-69e9ad8be110.png;https://cdn.grofers.com/da/cms-assets/cms/product/47421ea7-2284-4e65-9fa9-9e36c6ba0aa2.png;https://cdn.grofers.com/da/cms-assets/cms/product/bda8c2c0-788c-40d0-8f3a-a088145722b0.png;https://cdn.grofers.com/da/cms-assets/cms/product/3d0a556d-3173-4a7c-a778-4ae8b1c9b27f.png;https://cdn.grofers.com/da/cms-assets/cms/product/266fbe18-6978-4889-af97-849586a549eb.png;https://cdn.grofers.com/da/cms-assets/cms/product/14d8c7f5-875e-4e1d-944f-606db1f56600.png;https://cdn.grofers.com/app/images/products/common/customer_care.jpg,31,4.722000
blinkit,Liquid Detergents,31320,11604,11604,Godrej Ezee Woollen Liquid Detergent For Winterwear- Chiffon & Silks (500 g),Godrej Ezee,120,120,500 g,True,1,1,Winter Liquid Detergent,Woollen Liquid Detergent,https://cdn.grofers.com/da/cms-assets/cms/product/56bad38f-5ddd-4a32-b9d9-c88466f899ad.png;https://cdn.grofers.com/da/cms-assets/cms/product/9467cc34-dda2-4fe7-b5ff-5b5fcf8bf742.png;https://cdn.grofers.com/da/cms-assets/cms/product/cfcac463-e35b-4243-b49a-d38503d89860.png;https://cdn.grofers.com/da/cms-assets/cms/product/b8e3af1a-3b6d-47e5-b5fb-cd508eb38f40.png;https://cdn.grofers.com/da/cms-assets/cms/product/32bb6286-a450-414a-bd1a-9bee2fe73232.png;https://cdn.grofers.com/da/cms-assets/cms/product/cba76ba4-6cea-4721-b183-70bc7f61b967.png;https://cdn.grofers.com/da/cms-assets/cms/product/22487ab1-a5e9-43b9-b51a-351e6f2e93ce.png;https://cdn.grofers.com/da/cms-assets/cms/product/dc5208a0-9f07-4ccf-a4bf-ca29199a1fb1.png;https://cdn.grofers.com/da/cms-assets/cms/product/9ecef7e3-c9ca-42bd-a2c3-7cb316324637.png;https://cdn.grofers.com/da/cms-assets/cms/product/fcf9b16a-e53e-4999-8860-dac8099102cc.png;https://cdn.grofers.com/app/images/products/common/customer_care.jpg,32,4.710000
blinkit,Liquid Detergents,31320,565111,565111,Beco Natural Front Load Liquid Detergent Refill Pack,Beco,450,237,2 ltr,True,3,3,Matic Liquid Detergent,Front Load Liquid Detergent,https://cdn.grofers.com/da/cms-assets/cms/product/76afb20e-62da-4e5d-8d0b-49da4c5e0a3b.png;https://cdn.grofers.com/da/cms-assets/cms/product/6666a316-18d7-4f70-aa30-925c6699d0a4.png;https://cdn.grofers.com/da/cms-assets/cms/product/dd56ef15-bd42-4fab-a1c9-f7215b35b438.png;https://cdn.grofers.com/da/cms-assets/cms/product/53990ed4-75ee-4e30-aec0-34c82ac135dd.png;https://cdn.grofers.com/da/cms-assets/cms/product/80ad9d66-42ab-4c1e-af0f-bfffbbdc500f.png;https://cdn.grofers.com/da/cms-assets/cms/product/f94132a5-e286-46c5-822b-a5615767d5d9.png;https://cdn.grofers.com/app/images/products/common/customer_care.jpg,33,4.697000
blinkit,Liquid Detergents,31320,546261,546261,Tide Top Load Liquid Detergent,Tide,449,324,3.2 ltr,True,2,2,Matic Liquid Detergent,Top Load Liquid Detergent,https://cdn.grofers.com/da/cms-assets/cms/product/301b0d2d-99ba-4035-bb36-d6b6a41442c1.png;https://cdn.grofers.com/da/cms-assets/cms/product/5c167c60-24e2-4821-851c-29a8e40f661c.png;https://cdn.grofers.com/da/cms-assets/cms/product/b810a064-9b51-4b2e-a0c4-47993d249a30.png;https://cdn.grofers.com/da/cms-assets/cms/product/d56535fc-9e30-4681-80a5-637731e4ad34.png;https://cdn.grofers.com/da/cms-assets/cms/product/2e702030-8acb-489c-a09e-1b07b4603506.png;https://cdn.grofers.com/da/cms-assets/cms/product/f1159e6d-a6db-4b88-a973-4cd9bfc91813.png;https://cdn.grofers.com/da/cms-assets/cms/product/09945c2f-bdf4-4d09-ae1b-42e6403d3331.png;https://cdn.grofers.com/da/cms-assets/cms/product/25853c6b-2b20-41f7-8d00-f998fd1df8a4.png;https://cdn.grofers.com/da/cms-assets/cms/product/f8610421-e467-43bd-a97c-96cc0574de31.png;https://cdn.grofers.com/app/images/products/common/customer_care.jpg,34,4.722000
blinkit,Liquid Detergents,31320,495692,495692,Mee Mee Mild Baby Laundry Detergent,Mee Mee,649,337,1.5 ltr,True,2,2,Hygiene,Baby Laundry Detergent,https://cdn.grofers.com/da/cms-assets/cms/product/9d4f632d-132f-4bd0-96ad-a0f9357d7ceb.png;https://cdn.grofers.com/da/cms-assets/cms/product/090b1cfc-25f4-49d6-97fa-0a209113b17b.png;https://cdn.grofers.com/da/cms-assets/cms/product/b2228806-c304-4beb-b5d2-edddb09a3913.png;https://cdn.grofers.com/da/cms-assets/cms/product/01007d3c-848a-4713-9325-52f0219ccc27.png;https://cdn.grofers.com/da/cms-assets/cms/product/2dc25597-a487-4c53-9fb3-c275c3ef3213.png;https://cdn.grofers.com/da/cms-assets/cms/product/184d8c0f-afae-40ec-957d-b7fecc4e65c8.png;https://cdn.grofers.com/da/cms-assets/cms/product/3f190077-fc23-4b4e-8e1e-1e95caef1f7a.png;https://cdn.grofers.com/da/cms-assets/cms/product/01cebfd1-2b6f-4757-8aad-7a7c0532b5f9.png;https://cdn.grofers.com/da/cms-assets/cms/product/2778ee62-0ccf-4d86-8abf-b55c7b9d5879.png;https://cdn.grofers.com/da/cms-assets/cms/product/dc3c0358-c236-4a8c-a6c2-4b81bc7f2a6a.jpg;https://cdn.grofers.com/da/cms-assets/cms/product/251b69a5-66a8-4e04-bb37-eba7d633d243.jpg;https://cdn.grofers.com/app/images/products/common/customer_care.jpg,35,4.510000
blinkit,Liquid Detergents,31320,559546,559546,Ariel Matic - Top Load Liquid Detergent,Ariel,809,529,4 ltr,True,6,6,Matic Liquid Detergent,Top Load Liquid Detergent,https://cdn.grofers.com/da/cms-assets/cms/product/61d02cfe-5c7a-4a32-9fe4-75b97e4f7ba9.png;https://cdn.grofers.com/da/cms-assets/cms/product/e8a39cd2-bab7-4d68-8bed-a7c3ba7afea3.png;https://cdn.grofers.com/da/cms-assets/cms/product/90bd04d4-698f-4aa8-aab6-a14fbe466403.png;https://cdn.grofers.com/da/cms-assets/cms/product/d71a4e85-bdb0-4fce-9c7c-4d3fe88af5c4.png;https://cdn.grofers.com/da/cms-assets/cms/product/515db974-ae88-40ad-87d6-cdc8867caad2.png;https://cdn.grofers.com/da/cms-assets/cms/product/e97e121b-8fae-4129-9fba-5a98c66c3ae6.png;https://cdn.grofers.com/da/cms-assets/cms/product/23f2399a-b7e0-434f-8cad-240cfa606271.png;https://cdn.grofers.com/da/cms-assets/cms/product/35c454be-8ef0-4cb3-a86b-7439047f955d.png;https://cdn.grofers.com/da/cms-assets/cms/product/67213180-824a-4bf0-b666-c25e18d362e3.png;https://cdn.grofers.com/app/images/products/common/customer_care.jpg,36,4.712000
blinkit,Liquid Detergents,31320,312032,312032,Surf Excel Front Load Liquid Detergent,Surf Excel,255,255,1 ltr,True,4,4,Matic Liquid Detergent,Front Load Liquid Detergent,https://cdn.grofers.com/da/cms-assets/cms/product/02c42156-1e0b-4664-9d8a-6849273f68fd.png;https://cdn.grofers.com/da/cms-assets/cms/product/a4e4d38d-36ee-431d-af82-b1567173ceef.png;https://cdn.grofers.com/da/cms-assets/cms/product/5fcddbcc-16cc-482e-860a-fdf1479d78d0.png;https://cdn.grofers.com/da/cms-assets/cms/product/c7b67fde-dffd-44c3-a929-d9f0e611883f.png;https://cdn.grofers.com/da/cms-assets/cms/product/964d1b04-4866-47d3-b70d-d299c23b5923.png;https://cdn.grofers.com/da/cms-assets/cms/product/d4d7b461-9407-4a78-a9c4-cd5c34f6b40e.png;https://cdn.grofers.com/da/cms-assets/cms/product/2d0437fd-c0e6-4295-af5b-28e973686f65.png;https://cdn.grofers.com/da/cms-assets/cms/product/547fde4f-0d6e-4429-a4b4-b4822179cf1f.png;https://cdn.grofers.com/da/cms-assets/cms/product/85567133-4141-4d50-8558-3723bbb4130d.png;https://cdn.grofers.com/app/images/products/common/customer_care.jpg,37,4.692000
blinkit,Liquid Detergents,31320,498139,498139,Tide Matic Top Load Liquid Detergent,Tide,169,169,850 ml,True,2,2,Matic Liquid Detergent,Top Load Liquid Detergent,https://cdn.grofers.com/da/cms-assets/cms/product/c4bafa28-d7f7-499d-803a-058086caf911.png;https://cdn.grofers.com/da/cms-assets/cms/product/1d010d42-9e71-4de0-87c9-cead636726c1.jpg;https://cdn.grofers.com/da/cms-assets/cms/product/cda57b2b-4cef-4c8e-a584-aa25ac04dafe.jpg;https://cdn.grofers.com/da/cms-assets/cms/product/676deec5-0b1c-4660-adae-f9f5be578fc7.jpg;https://cdn.grofers.com/da/cms-assets/cms/product/442489b8-c5ff-4574-9863-467909980549.jpg;https://cdn.grofers.com/da/cms-assets/cms/product/a5fa0d77-630e-41f3-8b5e-f22ff12b6b37.jpg;https://cdn.grofers.com/da/cms-assets/cms/product/1c47989c-76d1-49af-9e76-d5b785e304a4.jpg;https://cdn.grofers.com/app/images/products/common/customer_care.jpg,38,4.669000
blinkit,Liquid Detergents,31320,657125,657125,Ariel Matic Top Load Liquid Detergent,Ariel,185,185,950 ml,True,1,1,Matic Liquid Detergent,Top Load Liquid Detergent,https://cdn.grofers.com/da/cms-assets/cms/product/afaaccb6-6786-4a97-9fcf-65459ae6a06c.png;https://cdn.grofers.com/da/cms-assets/cms/product/05ab05d6-9a15-405c-add3-f4bf825df9dd.png;https://cdn.grofers.com/da/cms-assets/cms/product/3ec1811e-1ded-48cb-95cf-c4a40bc31464.png;https://cdn.grofers.com/da/cms-assets/cms/product/21c31d9d-85ed-47f4-8936-e1cf73d1e1b8.png;https://cdn.grofers.com/da/cms-assets/cms/product/af1ad5b0-c2da-49ac-9035-f0173f91b17c.png;https://cdn.grofers.com/da/cms-assets/cms/product/7a00fecc-d273-44b6-80da-8742cab3ec3d.png;https://cdn.grofers.com/da/cms-assets/cms/product/32445c1b-2659-42f8-8d42-3d775a00ab8e.png;https://cdn.grofers.com/app/images/products/common/customer_care.jpg,39,4.677000
blinkit,Liquid Detergents,31320,596154,596154,Surf Excel Matic Top Load Liquid Detergent,Surf Excel,820,699,5 ltr,True,3,3,Matic Liquid Detergent,Top Load Liquid Detergent,https://cdn.grofers.com/da/cms-assets/cms/product/93b376a2-3fb8-447e-aa9e-59ad15ecec27.png;https://cdn.grofers.com/da/cms-assets/cms/product/de909f02-e40a-4c78-92ad-dd296ba78653.png;https://cdn.grofers.com/da/cms-assets/cms/product/a7d862f1-8b2d-43d3-831e-517779f9a8f6.png;https://cdn.grofers.com/da/cms-assets/cms/product/73ffd859-7775-44cc-a176-0c71c22c9f5e.png;https://cdn.grofers.com/da/cms-assets/cms/product/39682881-94b3-4df9-80a1-9e7950fde1cb.png;https://cdn.grofers.com/da/cms-assets/cms/product/3ccc9adb-9c40-4060-b2f6-c69256440cf5.png;https://cdn.grofers.com/da/cms-assets/cms/product/a37be9db-d618-49ea-927c-0e280b8e5d4b.png;https://cdn.grofers.com/app/images/products/common/customer_care.jpg,40,4.740000
blinkit,Liquid Detergents,31320,521746,521746,Surf Excel Matic Top Load Liquid Detergent,Surf Excel,573,447,3.2 ltr,True,0,0,Matic Liquid Detergent,Top Load Liquid Detergent,https://cdn.grofers.com/da/cms-assets/cms/product/7a38941a-0e8f-4fb7-9d96-3285200d9d9d.png;https://cdn.grofers.com/da/cms-assets/cms/product/bb3a0ef6-572d-45b2-a054-4444e979bded.png;https://cdn.grofers.com/da/cms-assets/cms/product/5f66dd35-c9db-44d7-bed2-b6c3bf17ef64.png;https://cdn.grofers.com/da/cms-assets/cms/product/1816e2c9-c6b3-4376-bc7a-dec7f980cf15.png;https://cdn.grofers.com/da/cms-assets/cms/product/cf6df8dd-9bc1-45fc-a8a9-75f70b6374d5.png;https://cdn.grofers.com/da/cms-assets/cms/product/3e464143-815e-4e90-aada-dbc937abe3fd.png;https://cdn.grofers.com/da/cms-assets/cms/product/000000fc-05b8-4686-ac6e-2482a4d2208f.png;https://cdn.grofers.com/da/cms-assets/cms/product/fcb9193c-a7bf-4b30-b375-0bda4b99ed59.png;https://cdn.grofers.com/app/images/products/common/customer_care.jpg,40,4.745000
blinkit,Liquid Detergents,31320,534234,534234,Beco Front Load Liquid Detergent,Beco,250,138,1 ltr,True,2,2,Matic Liquid Detergent,Front Load Liquid Detergent,https://cdn.grofers.com/da/cms-assets/cms/product/8ca374b7-ae57-49c7-85d7-73ee2ac7ee64.png;https://cdn.grofers.com/da/cms-assets/cms/product/8d08d9e6-04e0-47b0-8690-317466d67522.png;https://cdn.grofers.com/da/cms-assets/cms/product/0a629ca3-f178-4473-8bff-423b7e41d574.png;https://cdn.grofers.com/da/cms-assets/cms/product/133a20c1-6fac-495e-ae81-cf85b795c7b6.png;https://cdn.grofers.com/da/cms-assets/cms/product/cdfbe485-8ae2-444b-823b-4681f5eea0d7.png;https://cdn.grofers.com/da/cms-assets/cms/product/69023392-dc44-4165-bfc8-b31e355e268d.png;https://cdn.grofers.com/da/cms-assets/cms/product/8be33ae5-7f7d-45b0-b575-526e376e8a12.png;https://cdn.grofers.com/app/images/products/common/customer_care.jpg,41,4.103000
blinkit,Liquid Detergents,31320,555116,555116,Surf Excel 3 in 1 Detergent Pods (For Top & Front Load),Surf Excel,525,420,28 shots,True,3,3,Matic Liquid Detergent,Detergent Pods,https://cdn.grofers.com/da/cms-assets/cms/product/7f5ab2e8-fc32-4cd1-af2c-4639a7022fc3.png;https://cdn.grofers.com/da/cms-assets/cms/product/0962c220-c5b8-46a7-b6d6-0fbab0054083.png;https://cdn.grofers.com/da/cms-assets/cms/product/b0bb4238-4bb2-4a43-a2ec-260e34abd230.png;https://cdn.grofers.com/da/cms-assets/cms/product/b04870ff-7e19-490e-a3a1-f01b41201c68.png;https://cdn.grofers.com/da/cms-assets/cms/product/f701ed08-d455-405b-8164-59bfba4ef89e.png;https://cdn.grofers.com/da/cms-assets/cms/product/431af8bf-1c73-47c8-ba4a-77d647d2f947.png;https://cdn.grofers.com/da/cms-assets/cms/product/868f14e1-9639-4891-b306-49838ee5a7aa.png;https://cdn.grofers.com/da/cms-assets/cms/product/0a23ee08-3938-411c-9ccf-09876471b6b9.png;https://cdn.grofers.com/da/cms-assets/cms/product/9c55502c-0ace-41da-9746-ee3aedca4208.png;https://cdn.grofers.com/da/cms-assets/cms/product/55ee7a10-6ca6-4547-8d3e-a1274ba68305.png;https://cdn.grofers.com/app/images/products/common/customer_care.jpg,42,4.621000
blinkit,Liquid Detergents,31320,555447,555447,Tide Matic Front Load Liquid Detergent - Front Load,Tide,505,379,3.2 ltr,True,1,1,Matic Liquid Detergent,Front Load Liquid Detergent,https://cdn.grofers.com/da/cms-assets/cms/product/319c177b-ad5d-4783-b332-dc4a63ba6e20.png;https://cdn.grofers.com/da/cms-assets/cms/product/90cd85c3-d071-4acc-a00f-ca784f30ff10.png;https://cdn.grofers.com/da/cms-assets/cms/product/97232192-359d-467b-8c22-37b442140e4e.png;https://cdn.grofers.com/da/cms-assets/cms/product/3273aae8-4b22-4de7-87d2-efaa00efdfd1.png;https://cdn.grofers.com/da/cms-assets/cms/product/87280d21-045e-4401-b728-eae36c87e6ad.png;https://cdn.grofers.com/da/cms-assets/cms/product/c2bea0f6-74c1-4fc3-a048-b4313e3be31e.png;https://cdn.grofers.com/app/images/products/common/customer_care.jpg,43,4.663000
blinkit,Liquid Detergents,31320,522017,522017,Ariel Matic Front Load Liquid Detergent,Ariel,690,463,3.2 ltr,True,3,3,Matic Liquid Detergent,Front Load Liquid Detergent,https://cdn.grofers.com/da/cms-assets/cms/product/94107661-b66c-44a1-a278-02033ff1dc1d.png;https://cdn.grofers.com/da/cms-assets/cms/product/53f03c9e-2d29-41a1-9566-46e17038af74.png;https://cdn.grofers.com/da/cms-assets/cms/product/e15ba93b-1548-457c-82fe-fdb14e65a937.png;https://cdn.grofers.com/da/cms-assets/cms/product/d94537f1-44d7-4052-b5bb-9e50c90a17a7.png;https://cdn.grofers.com/da/cms-assets/cms/product/d239a84b-d351-4e17-b291-e19feb81da2b.png;https://cdn.grofers.com/da/cms-assets/cms/product/540e795e-9138-4580-902d-d54a082165f6.png;https://cdn.grofers.com/da/cms-assets/cms/product/a756b015-5403-4109-bd06-28fa6ac8a2bc.png;https://cdn.grofers.com/da/cms-assets/cms/product/989f18ee-e684-4890-ae24-19b0b7ba4c9f.png;https://cdn.grofers.com/app/images/products/common/customer_care.jpg,44,4.614000
blinkit,Liquid Detergents,31320,561585,561585,Godrej Genteel Matic Front Load Liquid Detergent,Godrej Genteel,340,296,2 kg,True,2,2,Matic Liquid Detergent,Front Load Liquid Detergent,https://cdn.grofers.com/da/cms-assets/cms/product/ebc648f7-48b7-4283-b78a-864dd16d27a4.png;https://cdn.grofers.com/da/cms-assets/cms/product/e41dd983-a43c-40b8-935e-5112e2658387.png;https://cdn.grofers.com/da/cms-assets/cms/product/9028542d-83ab-4a18-b508-8f7e5b013225.png;https://cdn.grofers.com/app/images/products/common/customer_care.jpg,45,4.609000
blinkit,Liquid Detergents,31320,657129,657129,Ariel Matic Front Load Liquid Detergent,Ariel,209,209,950 ml,True,2,2,Matic Liquid Detergent,Front Load Liquid Detergent,https://cdn.grofers.com/da/cms-assets/cms/product/79f7d4ff-5c14-4ed8-ae03-f274c34c6363.png;https://cdn.grofers.com/da/cms-assets/cms/product/71b85970-89b6-4625-9961-4efd9787fb39.png;https://cdn.grofers.com/da/cms-assets/cms/product/dc0c96e6-2bfb-4090-8937-532ba40ab411.png;https://cdn.grofers.com/da/cms-assets/cms/product/f0f31ed2-f6fd-446b-8025-c0e79d648660.png;https://cdn.grofers.com/da/cms-assets/cms/product/519aab6a-8277-45b2-b1cd-391d243e5809.png;https://cdn.grofers.com/da/cms-assets/cms/product/53edb575-d22a-4f0e-ac11-2940d2211346.png;https://cdn.grofers.com/da/cms-assets/cms/product/135fd1f2-eeec-4c0d-a237-592fafce8629.png;https://cdn.grofers.com/app/images/products/common/customer_care.jpg,46,4.586000
blinkit,Liquid Detergents,31320,570323,570323,Tide Matic Top Load Liquid Detergent - Pack of 2,Tide,760,456,2 x 2 ltr,True,1,1,Matic Liquid Detergent,Top Load Liquid Detergent,https://cdn.grofers.com/da/cms-assets/cms/product/ee1b2f59-8dd3-4b39-9bd5-ab095dba5465.png;https://cdn.grofers.com/da/cms-assets/cms/product/f15c2dd6-1e2b-4cc9-b8dc-5bbcd82f5b0a.png;https://cdn.grofers.com/da/cms-assets/cms/product/b7905eea-8a95-4a22-a102-3578fef2fb5e.png;https://cdn.grofers.com/da/cms-assets/cms/product/60cda042-ff42-4ee9-825f-356a1f238436.png;https://cdn.grofers.com/da/cms-assets/cms/product/cb8c006e-48b1-4e74-bbd9-337655efe367.png;https://cdn.grofers.com/da/cms-assets/cms/product/9dd2b74b-04f5-4eed-98b5-8d0f26b10161.png;https://cdn.grofers.com/app/images/products/common/customer_care.jpg,47,4.776000
blinkit,Liquid Detergents,31320,491777,491777,Tide Matic Top Load Liquid Detergent,Tide,380,247,2 ltr,True,2,2,Matic Liquid Detergent,Top Load Liquid Detergent,https://cdn.grofers.com/da/cms-assets/cms/product/096a3762-8442-40f6-8d5e-c8f5c11106f3.png;https://cdn.grofers.com/da/cms-assets/cms/product/86fcb38c-e2c8-40c3-87ee-7e472ab4d77b.png;https://cdn.grofers.com/da/cms-assets/cms/product/a3bc09a6-bf3d-4899-99f0-93b929a69bfa.png;https://cdn.grofers.com/da/cms-assets/cms/product/306da049-6786-40df-89e7-e8b3af2c00f4.png;https://cdn.grofers.com/da/cms-assets/cms/product/cf1075e9-b586-4f05-b60f-78faba9bb50f.png;https://cdn.grofers.com/da/cms-assets/cms/product/22474638-dd18-4213-93d4-0549abe22f59.png;https://cdn.grofers.com/app/images/products/common/customer_care.jpg,47,4.681000
blinkit,Liquid Detergents,31320,596159,596159,Surf Excel Matic Front Load Liquid Detergent,Surf Excel,858,729,5 ltr,True,3,3,Matic Liquid Detergent,Front Load Liquid Detergent,https://cdn.grofers.com/da/cms-assets/cms/product/2a6cca82-af84-4b31-ba56-d26575096c3f.png;https://cdn.grofers.com/da/cms-assets/cms/product/dcdb50af-f5e7-439c-a0da-73a1a98b971e.png;https://cdn.grofers.com/da/cms-assets/cms/product/cdf9d6bc-d71d-47b5-a488-9192acb9b09d.png;https://cdn.grofers.com/da/cms-assets/cms/product/469eb1ca-f735-4ca8-9b5a-00fb5c6fb6ca.png;https://cdn.grofers.com/da/cms-assets/cms/product/ac945cc8-13d5-4e8b-94f6-0687f631964b.png;https://cdn.grofers.com/da/cms-assets/cms/product/29475351-706d-4bc4-8d7f-ec676bcfeda3.png;https://cdn.grofers.com/da/cms-assets/cms/product/354e472b-6297-4613-9a43-8a1ac49bd488.png;https://cdn.grofers.com/app/images/products/common/customer_care.jpg,48,4.662000
blinkit,Liquid Detergents,31320,557416,557416,Mother Sparsh Plant Powered Laundry Baby Detergent,Mother Sparsh,649,378,1 ltr,True,2,2,Hygiene,Baby Detergent,https://cdn.grofers.com/da/cms-assets/cms/product/c4abab2c-cafb-4cc9-badb-3d67e202b59f.png;https://cdn.grofers.com/da/cms-assets/cms/product/4cd37ddb-4dd3-4307-b371-913530ecba63.png;https://cdn.grofers.com/da/cms-assets/cms/product/324e10ff-cf8f-4de2-9969-cf5173b4caa2.png;https://cdn.grofers.com/da/cms-assets/cms/product/e32a5c67-2aaa-443e-9e53-06c407994cca.png;https://cdn.grofers.com/da/cms-assets/cms/product/7a93cef5-fd5d-4fa7-99b2-6ca889e231a1.png;https://cdn.grofers.com/da/cms-assets/cms/product/a4f6db9a-9b7d-4bf4-b01a-3bc819852e80.png;https://cdn.grofers.com/da/cms-assets/cms/product/926411fd-4cb9-44f6-9003-60e11b2870b8.png;https://cdn.grofers.com/da/cms-assets/cms/product/c66b4b64-9245-48b8-8333-6df36f377839.png;https://cdn.grofers.com/app/images/products/common/customer_care.jpg,49,4.252000
blinkit,Liquid Detergents,31320,521413,521413,Ariel Matic Top Load Liquid Detergent,Ariel,649,422,3.2 ltr,True,1,1,Matic Liquid Detergent,Top Load Liquid Detergent,https://cdn.grofers.com/da/cms-assets/cms/product/38e71056-dbfb-4afa-b02b-c657e3e08445.png;https://cdn.grofers.com/da/cms-assets/cms/product/af33766d-325f-4ee6-ae4d-53cac3eb98a0.png;https://cdn.grofers.com/da/cms-assets/cms/product/02e81a83-47c0-4b70-91dc-963ee0dc202a.png;https://cdn.grofers.com/da/cms-assets/cms/product/5a701d27-e709-4274-b91e-3adb326f0786.png;https://cdn.grofers.com/da/cms-assets/cms/product/cce0565a-92c9-4403-9f7d-605c4c40b2f9.png;https://cdn.grofers.com/da/cms-assets/cms/product/d29bcb80-53d1-41b8-81db-a504976a66da.png;https://cdn.grofers.com/da/cms-assets/cms/product/590881d4-5b41-48d5-a82f-4d63c9521dce.png;https://cdn.grofers.com/da/cms-assets/cms/product/b62bd27d-1e86-467d-bfe6-bde7c6cac799.png;https://cdn.grofers.com/app/images/products/common/customer_care.jpg,50,4.683000
blinkit,Liquid Detergents,31320,477745,477745,Mother Sparsh Plant Powered Baby Laundry Detergent,Mother Sparsh,349,190,500 ml,True,3,3,Hygiene,Baby Laundry Detergent,https://cdn.grofers.com/da/cms-assets/cms/product/34b3c5f8-19d1-4f80-91f1-6b68ae2078f5.png;https://cdn.grofers.com/da/cms-assets/cms/product/e5930103-ad85-4dee-bc4b-78a853b51d51.png;https://cdn.grofers.com/da/cms-assets/cms/product/2b0d036f-aa80-4ecd-848a-48f85bc6cd22.png;https://cdn.grofers.com/da/cms-assets/cms/product/bfe6f3d9-5e1a-41f5-8fcf-209dd998ba45.png;https://cdn.grofers.com/da/cms-assets/cms/product/e2a3193f-e300-4e30-becb-6eaa008979a3.png;https://cdn.grofers.com/da/cms-assets/cms/product/e1fd17e0-b626-48c4-b35c-9fab0b7b309b.png;https://cdn.grofers.com/da/cms-assets/cms/product/4aa725cb-b7f6-4cd2-b92b-0f3777640a9e.png;https://cdn.grofers.com/da/cms-assets/cms/product/d138db11-090f-4fe0-bd02-8a61877df7ce.png;https://cdn.grofers.com/da/cms-assets/cms/product/7ee079be-bfe0-4c88-bd6b-844f0d748c8f.png;https://cdn.grofers.com/da/cms-assets/cms/product/11977813-f938-403a-a5f5-016e32be17bb.png;https://cdn.grofers.com/app/images/products/common/customer_care.jpg,51,4.651000
blinkit,Liquid Detergents,34835,566308,566308,Koparo Clean Front & Top Load Natural Liquid Detergent Refill (Lavender & Lilac),Koparo Clean,459,459,3 ltr,True,1,1,Non-Matic Liquid Detergents,Liquid Detergent,https://cdn.grofers.com/da/cms-assets/cms/product/2471cb7d-46a2-4f2a-aace-7115c3e992c1.png;https://cdn.grofers.com/da/cms-assets/cms/product/2aa48cc9-6686-46ef-8897-a94301b50d53.png;https://cdn.grofers.com/da/cms-assets/cms/product/b5f4a3ef-29ec-4634-bd07-9dc58a1cedae.png;https://cdn.grofers.com/da/cms-assets/cms/product/24a39076-a2a5-4d0f-a086-6505a670fa4e.png;https://cdn.grofers.com/da/cms-assets/cms/product/ea2044ec-0961-4490-896c-858f7394fa69.png;https://cdn.grofers.com/da/cms-assets/cms/product/52ac7a0c-f5dd-472b-b311-f2cf7b5e438d.png;https://cdn.grofers.com/da/cms-assets/cms/product/abf08d5f-ee84-4d3e-9bd9-bfd383d8e492.png;https://cdn.grofers.com/app/images/products/common/customer_care.jpg,52,4.886000
blinkit,Liquid Detergents,31320,436303,436303,Wipro Safewash Fresh Woollen Liquid Detergent - Buy 1 Get 1 Free,Wipro Safewash,299,250,1 kg + 1 kg,True,1,1,Winter Liquid Detergent,Woollen Liquid Detergent,https://cdn.grofers.com/da/cms-assets/cms/product/e3ea8ad3-42a1-4c5b-9b40-26d14b070593.png;https://cdn.grofers.com/da/cms-assets/cms/product/20a0641e-b018-4e7e-a7eb-62f7127785f4.png;https://cdn.grofers.com/da/cms-assets/cms/product/d2df9951-0883-4a03-8df3-3f2aa0c9ade7.png;https://cdn.grofers.com/da/cms-assets/cms/product/facc1171-f0ea-49c8-a274-2d4deba978ec.png;https://cdn.grofers.com/da/cms-assets/cms/product/80de05c0-d772-4875-a67e-b3b4c5a7154f.png;https://cdn.grofers.com/da/cms-assets/cms/product/e7bff11e-0e3d-4335-90eb-8d59edd94f98.png;https://cdn.grofers.com/da/cms-assets/cms/product/f014ce78-4589-4a1f-bfd6-a17d6a10d9c1.png;https://cdn.grofers.com/da/cms-assets/cms/product/e7bab85f-5348-4364-b70c-2045e4925d09.png;https://cdn.grofers.com/da/cms-assets/cms/product/1f22df6f-d869-4c67-9eb5-963bc85d98c4.png;https://cdn.grofers.com/app/images/products/common/customer_care.jpg,53,4.577000
blinkit,Liquid Detergents,31320,547328,547328,Ujala Top Load Liquid Detergent Top Load,Ujala,330,258,2 ltr,True,2,2,Matic Liquid Detergent,Top Load Liquid Detergent,https://cdn.grofers.com/da/cms-assets/cms/product/9bae11e0-58e9-4c9e-aa64-256066b4675c.png;https://cdn.grofers.com/da/cms-assets/cms/product/b47e6bd0-af07-410b-9a7e-3f7c6c2a27ef.png;https://cdn.grofers.com/da/cms-assets/cms/product/62465f59-675a-401e-bc86-84b0cad54938.png;https://cdn.grofers.com/da/cms-assets/cms/product/725fb20d-5688-4d87-8915-f922c8fb5030.png;https://cdn.grofers.com/da/cms-assets/cms/product/e2b2e98a-5d03-4449-9003-fbeca38b315c.png;https://cdn.grofers.com/da/cms-assets/cms/product/071e97d6-a54b-4569-9164-174c8419c8f6.png;https://cdn.grofers.com/da/cms-assets/cms/product/47f99c8f-b811-4c56-a05b-34e3fdd5e757.png;https://cdn.grofers.com/da/cms-assets/cms/product/f047ec00-8b95-4a21-8b5d-e5ee51c43e9c.png;https://cdn.grofers.com/app/images/products/common/customer_care.jpg,54,4.689000
blinkit,Liquid Detergents,34835,550080,550080,Koparo Clean Front & Top Load Natural Liquid Detergent (Lavender & Lilac),Koparo Clean,269,269,900 ml,True,1,1,Non-Matic Liquid Detergents,Liquid Detergent,https://cdn.grofers.com/da/cms-assets/cms/product/a05c1d66-1010-4947-86e6-7a499592000b.png;https://cdn.grofers.com/da/cms-assets/cms/product/58c64457-ddeb-4aa0-a0a4-fc11008a049a.png;https://cdn.grofers.com/da/cms-assets/cms/product/ff501f15-30ef-412b-b128-dbff28156f63.png;https://cdn.grofers.com/da/cms-assets/cms/product/ee0e53fd-cae1-4045-b7a6-fc7ea6ad06e2.png;https://cdn.grofers.com/da/cms-assets/cms/product/56cdbc0f-beb4-460a-97ca-c3ad52b8650c.png;https://cdn.grofers.com/da/cms-assets/cms/product/1cde410a-d55d-425e-ba81-382d18cc22a5.png;https://cdn.grofers.com/da/cms-assets/cms/product/fb3688c9-a929-4d74-9d6f-730a892ee7be.png;https://cdn.grofers.com/da/cms-assets/cms/product/e4593522-8ece-4080-b552-be33ca1cf6d0.png;https://cdn.grofers.com/app/images/products/common/customer_care.jpg,55,4.655000
blinkit,Liquid Detergents,31320,657315,657315,Ariel Lavender Front Load Liquid Detergent,Ariel,899,567,3.6 ltr,True,1,1,Matic Liquid Detergent,Front Load Liquid Detergent,https://cdn.grofers.com/da/cms-assets/cms/product/d868e80a-6ec2-4297-8985-486273b7c289.png;https://cdn.grofers.com/da/cms-assets/cms/product/15c424d9-d296-4add-bcd8-336663133979.png;https://cdn.grofers.com/da/cms-assets/cms/product/5ea40e57-b1e6-40ac-9b0c-8550e8a12a81.png;https://cdn.grofers.com/da/cms-assets/cms/product/3f4a594b-d91d-4d0b-b22f-266715d13785.png;https://cdn.grofers.com/da/cms-assets/cms/product/ee7e9785-ea1a-4738-b002-cea1203a151a.png;https://cdn.grofers.com/da/cms-assets/cms/product/da9a2653-4d8e-4a91-af55-06ba7dbfb416.png;https://cdn.grofers.com/da/cms-assets/cms/product/926dfd54-2e58-4bc7-a7ed-892497786346.png;https://cdn.grofers.com/da/cms-assets/cms/product/9b0ae3f4-c7ed-48f2-894a-047c69d42d1c.png;https://cdn.grofers.com/da/cms-assets/cms/product/7cb72cbd-27d1-4879-addb-258bd4b4bf64.png;https://cdn.grofers.com/app/images/products/common/customer_care.jpg,56,0
blinkit,Liquid Detergents,31320,657311,657311,Ariel Lavender Top Load Liquid Detergent,Ariel,809,615,3.6 ltr,True,1,1,Matic Liquid Detergent,Top Load Liquid Detergent,https://cdn.grofers.com/da/cms-assets/cms/product/47e816fc-423d-48c7-94f9-b1f582965209.png;https://cdn.grofers.com/da/cms-assets/cms/product/669a18e2-f557-4b0f-bff8-bda20b524a3b.png;https://cdn.grofers.com/da/cms-assets/cms/product/fd9d449a-231f-49f7-8923-7e7d9ec4a296.png;https://cdn.grofers.com/da/cms-assets/cms/product/170ab8c9-56d4-4af7-82f3-9e00705d87cb.png;https://cdn.grofers.com/da/cms-assets/cms/product/c8e1a1fc-3736-49c2-9a7f-6ccaa8e7d65b.png;https://cdn.grofers.com/da/cms-assets/cms/product/255ed7de-1f65-420f-a9a1-2a1e42a98708.png;https://cdn.grofers.com/da/cms-assets/cms/product/fa67406b-cc27-4b31-a0eb-e1577e4e3e06.png;https://cdn.grofers.com/da/cms-assets/cms/product/a6c94b46-2306-4f07-86f0-cd0d4e41d766.png;https://cdn.grofers.com/da/cms-assets/cms/product/fb7beb3c-75be-45e2-8e4d-ee9bb040d2db.png;https://cdn.grofers.com/app/images/products/common/customer_care.jpg,57,4.817000
blinkit,Liquid Detergents,31320,655021,655021,Godrej Genteel Matic Top Load Liquid Detergent - Refill Pouch,Godrej Genteel,560,482,3.83 ltr,True,1,1,Matic Liquid Detergent,Top Load Liquid Detergent,https://cdn.grofers.com/da/cms-assets/cms/product/c856e498-849b-4f94-b712-bbad4814ea7a.png;https://cdn.grofers.com/da/cms-assets/cms/product/c81ca4de-619c-42b0-94eb-7e05443b66d9.png;https://cdn.grofers.com/da/cms-assets/cms/product/9e034169-be31-4d0d-8e94-65ec8416f55a.png;https://cdn.grofers.com/da/cms-assets/cms/product/c57989d8-aa0f-44be-95df-398ad2fa96fe.png;https://cdn.grofers.com/da/cms-assets/cms/product/c1c61f70-7498-4534-b59b-5cb3bb52e5bc.png;https://cdn.grofers.com/da/cms-assets/cms/product/b333bba9-6d77-40c4-b4ed-63f201e4b646.png;https://cdn.grofers.com/app/images/products/common/customer_care.jpg,58,4.701000
blinkit,Liquid Detergents,31320,559545,559545,Ariel Matic Top Load Liquid Detergent with Fresh Fragrance,Ariel,1039,789,6 ltr,True,1,1,Matic Liquid Detergent,Top Load Liquid Detergent,https://cdn.grofers.com/da/cms-assets/cms/product/38d1696a-c734-4075-af3a-984cbe3ab5d4.png;https://cdn.grofers.com/da/cms-assets/cms/product/400b8963-1c3c-4ad4-966d-77e2949b4038.png;https://cdn.grofers.com/da/cms-assets/cms/product/3e335eab-395b-4f67-96cb-e1ad969fd3f2.png;https://cdn.grofers.com/da/cms-assets/cms/product/818361c1-c8ab-4fd5-8ca7-d247f246eaa7.png;https://cdn.grofers.com/da/cms-assets/cms/product/4d9a2806-1e6c-4951-9709-955c514057cf.png;https://cdn.grofers.com/da/cms-assets/cms/product/f0ca7b2a-335c-4e55-b2d1-efe9ca06518a.png;https://cdn.grofers.com/da/cms-assets/cms/product/003d3458-ffdd-4351-a01c-dbd143177180.png;https://cdn.grofers.com/da/cms-assets/cms/product/9b140621-df97-4640-8403-ab84f084c31d.png;https://cdn.grofers.com/da/cms-assets/cms/product/2908736f-8eb5-4cc0-80f3-288d4bde9978.png;https://cdn.grofers.com/da/cms-assets/cms/product/67bb0cbd-2ffe-488f-b184-7c654365363b.png;https://cdn.grofers.com/app/images/products/common/customer_care.jpg,59,4.643000
blinkit,Liquid Detergents,31320,575663,575663,More Light Extra Power Liquid Detergent,More Light,535,369,5 ltr,True,1,1,Non-Matic Liquid Detergents,Liquid Detergent,https://cdn.grofers.com/da/cms-assets/cms/product/62bc1680-334a-40b8-bc42-a2006b17a954.png;https://cdn.grofers.com/da/cms-assets/cms/product/77b9a959-f786-43a7-b2da-109177533b66.png;https://cdn.grofers.com/da/cms-assets/cms/product/d10a2343-4b5c-4dd5-97ea-28dd0341230f.png;https://cdn.grofers.com/da/cms-assets/cms/product/669dca46-c9b6-4aba-8411-842f4bcd5778.png;https://cdn.grofers.com/da/cms-assets/cms/product/4db60a37-9997-4bda-a1b6-fb68cbac061f.png;https://cdn.grofers.com/da/cms-assets/cms/product/c3011fec-8976-4efb-a00a-83c3268274fe.png;https://cdn.grofers.com/da/cms-assets/cms/product/85a452c6-9cb9-4262-80a1-72b0aece7a33.png;https://cdn.grofers.com/app/images/products/common/customer_care.jpg,60,4.617000
blinkit,Liquid Detergents,31320,475574,475574,Chicco Delicate Flowers Baby Laundry Detergent,Chicco,599,486,1 ltr,True,1,1,Hygiene,Baby Laundry Detergent,https://cdn.grofers.com/app/assets/products/sliding_images/jpeg/5c38a3b6-17a9-449e-b3c8-8fdc3f5b078a.jpg?ts=1721969889;https://cdn.grofers.com/app/assets/products/sliding_images/jpeg/351f4f15-2c41-40b4-975e-2ef8b9e8a481.jpg?ts=1721969890;https://cdn.grofers.com/app/assets/products/sliding_images/jpeg/2d2b5bde-874e-4bc5-af87-179bf348fb41.jpg?ts=1721969892;https://cdn.grofers.com/app/assets/products/sliding_images/jpeg/5cc51e4d-e407-4521-8ffa-146998110547.jpg?ts=1721969893;https://cdn.grofers.com/app/assets/products/sliding_images/jpeg/4c255209-a40b-4385-8207-6635148a4b7b.jpg?ts=1721969894;https://cdn.grofers.com/app/assets/products/sliding_images/jpeg/36de3ee9-66df-4cbf-912d-6b2a02cab516.jpg?ts=1721969896;https://cdn.grofers.com/app/assets/products/sliding_images/jpeg/eb618f0c-9a2c-4c2f-b3d0-e1dfb3ae809e.jpg?ts=1721969897;https://cdn.grofers.com/app/assets/products/sliding_images/jpeg/d567a49c-19b3-4baf-beba-96a9b2ebeef8.jpg;https://cdn.grofers.com/app/assets/products/sliding_images/jpeg/5a63d371-2fa4-4de4-ae9c-e2f80cc3e5d6.jpg,61,4.231000
blinkit,Liquid Detergents,31320,626193,626193,Ecosys Matic & Non-Matic Detergent Pods,Ecosys,699,449,1 pack (20 pieces),True,5,5,Liquid Detergents,Detergent Pods,https://cdn.grofers.com/da/cms-assets/cms/product/856369a6-05b9-437a-8787-92d67c0f2891.jpg;https://cdn.grofers.com/da/cms-assets/cms/product/5be7dc05-0989-4427-969e-66ff584b1066.jpg;https://cdn.grofers.com/da/cms-assets/cms/product/c3158d2a-303b-40d4-91a1-f643ba449e96.jpg;https://cdn.grofers.com/da/cms-assets/cms/product/36d81cc1-a721-424e-a707-73fc95c9f6bd.jpg;https://cdn.grofers.com/da/cms-assets/cms/product/d0458def-d5db-45e5-8f0f-97194d3c98ca.jpg;https://cdn.grofers.com/da/cms-assets/cms/product/3b8216a9-9ade-41ec-aa27-429fda94b560.jpg;https://cdn.grofers.com/da/cms-assets/cms/product/11394bbb-44f4-4252-9fff-4fa0eb138af2.jpg;https://cdn.grofers.com/da/cms-assets/cms/product/fca85fb9-4aab-4436-b003-9ec004ad30b1.jpg;https://cdn.grofers.com/da/cms-assets/cms/product/10cb37e4-8898-40db-9ae4-edd97162c58c.jpg;https://cdn.grofers.com/da/cms-assets/cms/product/3a7e6d5c-e55d-4f4c-bf13-2ad83b483776.jpg;https://cdn.grofers.com/da/cms-assets/cms/product/e97ceadc-8239-4c83-a317-11955ca684b2.jpg,62,4.758000
blinkit,Liquid Detergents,31320,613917,613917,Awenest Undergarment Liquid Detergent (Toxin-Free Formulation),Awenest,225,199,300 ml,True,1,1,Liquid Detergents,Liquid Detergent,https://cdn.grofers.com/da/cms-assets/cms/product/4e58e02d-870e-40a3-879b-175a76696938.jpg?ts=1738821516;https://cdn.grofers.com/da/cms-assets/cms/product/2fd2e463-8c73-4ce9-891a-a10fefd940ea.jpg?ts=1738821516;https://cdn.grofers.com/da/cms-assets/cms/product/642e06ff-6cda-4eef-908c-f030ad7f5487.jpg?ts=1738821517;https://cdn.grofers.com/da/cms-assets/cms/product/a6a4dbf2-277a-478e-a7cf-84dee83ff3e2.jpg?ts=1738821517;https://cdn.grofers.com/da/cms-assets/cms/product/9c31d2c2-4d3d-4996-b610-bf3f9992b57f.jpg?ts=1738821517;https://cdn.grofers.com/da/cms-assets/cms/product/045d672f-ed62-4824-ba57-50c07b43b676.jpg?ts=1738821517;https://cdn.grofers.com/da/cms-assets/cms/product/e203e8b9-a634-4611-91e5-5f1af5471e2b.jpg?ts=1738821518;https://cdn.grofers.com/da/cms-assets/cms/product/5a3cf845-61dc-4712-9822-e558de9df0e6.jpg?ts=1738821518,63,0
blinkit,Liquid Detergents,31320,597435,597435,Zimmer Aufraumen Plant Based Liquid Detergent for Front & Top Load Machines,Zimmer Aufraumen,330,314,1 ltr,True,1,1,Hygiene,Liquid Detergent,https://cdn.grofers.com/da/cms-assets/cms/product/1cb00226-4171-4f8f-87c9-0df13384264a.jpg?ts=1738061215;https://cdn.grofers.com/da/cms-assets/cms/product/1ec2cebc-d306-4cfb-b992-76479ffc99cc.jpg?ts=1738061215;https://cdn.grofers.com/da/cms-assets/cms/product/1856af19-c86f-41c3-b12d-4cc29cb9286f.jpg?ts=1738061216;https://cdn.grofers.com/da/cms-assets/cms/product/38ef1d5b-2969-44bd-907f-3333d51a2823.jpg?ts=1738061216;https://cdn.grofers.com/da/cms-assets/cms/product/1995449b-ea57-42d9-8d5c-2704fcaf0e72.jpg?ts=1738061217;https://cdn.grofers.com/da/cms-assets/cms/product/539dd884-8c52-4a4e-a728-507c0c5921cc.jpg?ts=1738061217;https://cdn.grofers.com/da/cms-assets/cms/product/22dafb59-bbd4-4c7c-81aa-6a437d219c9c.jpg?ts=1738061217;https://cdn.grofers.com/da/cms-assets/cms/product/fbf20a7e-1389-487a-a104-42a1fb78b301.jpg?ts=1738061218;https://cdn.grofers.com/da/cms-assets/cms/product/6c407eb2-347b-45e0-af1d-59577c11f488.jpg?ts=1738061218;https://cdn.grofers.com/da/cms-assets/cms/product/042e3e45-ece2-4530-a74e-5766408a947d.jpg,64,0
blinkit,Liquid Detergents,31320,621025,621025,Eddie & Holly Natural Laundry Liquid Detergent,Eddie & Holly,800,399,1 ltr,True,2,2,Hygiene,Liquid Detergent,https://cdn.grofers.com/da/cms-assets/cms/product/44308528-fbd1-404c-9cfd-af9a609ab647.jpg;https://cdn.grofers.com/da/cms-assets/cms/product/3fdc0b58-ffb8-4f33-948c-93afb5348c84.jpg;https://cdn.grofers.com/da/cms-assets/cms/product/1bb5b8c9-188a-4c27-915e-c70c1b76bc29.jpg;https://cdn.grofers.com/da/cms-assets/cms/product/15c13f4e-41e9-45f9-976f-c263c5e1b71b.jpg;https://cdn.grofers.com/da/cms-assets/cms/product/11e6f939-0178-4581-b393-cc7b00fd04a3.jpg,65,0
blinkit,Liquid Detergents,31320,617939,617939,Purecult Liquid Baby Laundry Detergent,Purecult,499,354,500 ml,True,3,3,Liquid Detergents,Baby Laundry Detergent,https://cdn.grofers.com/da/cms-assets/cms/product/eb199e7e-9154-4e93-a85a-7286e6305d52.jpg?ts=1739532715;https://cdn.grofers.com/da/cms-assets/cms/product/f8165407-3640-458b-bdd7-a7774d8cd924.jpg?ts=1739532716;https://cdn.grofers.com/da/cms-assets/cms/product/2729ea6e-1178-4f4b-ab83-b218638ffcf5.jpg?ts=1739532716;https://cdn.grofers.com/da/cms-assets/cms/product/8bdd7e96-15a7-4b39-b746-c48d868f4085.jpg;https://cdn.grofers.com/da/cms-assets/cms/product/4e32371a-25e5-4a95-abce-ec398a8fe9c9.jpg?ts=1739532717;https://cdn.grofers.com/da/cms-assets/cms/product/f1a9d3b8-f4f9-4e67-8bf9-38667cef52ec.jpg?ts=1739532717;https://cdn.grofers.com/da/cms-assets/cms/product/17c6b1ef-25ef-40c6-9eb5-199e8649b4f4.jpg,66,0
blinkit,Liquid Detergents,31320,611897,611897,Zimmer Aufraumen Plant Based Baby Laundry Detergent for Front & Top Load Machine,Zimmer Aufraumen,330,309,1 ltr,True,1,1,Matic Liquid Detergent,Baby Laundry Detergent,https://cdn.grofers.com/da/cms-assets/cms/product/f854ff54-13e6-4c4d-a7a2-cdfb2bebae93.jpg?ts=1738234401;https://cdn.grofers.com/da/cms-assets/cms/product/9843fcd0-0781-4eb3-939a-5f5a30cb5b39.jpg?ts=1738234401;https://cdn.grofers.com/da/cms-assets/cms/product/2c07bdd3-ede6-4661-a0b3-8d59a6bf7b58.jpg?ts=1738234401;https://cdn.grofers.com/da/cms-assets/cms/product/e3d3de42-170d-4411-b64f-142eb19a91a7.jpg?ts=1738234401;https://cdn.grofers.com/da/cms-assets/cms/product/60bd90f3-0f10-4e07-8b33-9087548d4626.jpg?ts=1738234402;https://cdn.grofers.com/da/cms-assets/cms/product/e6453ac5-f64d-4c39-9146-f7e75bc8dd1c.jpg?ts=1738234402;https://cdn.grofers.com/da/cms-assets/cms/product/bdc36076-184a-4f9c-9b99-80a91d9fedbe.jpg?ts=1738234402;https://cdn.grofers.com/da/cms-assets/cms/product/14336b29-aad7-4fa1-bcee-61bbf4914074.jpg?ts=1738234403,67,0
blinkit,Liquid Detergents,31320,648933,648933,BIOPODS Detergent Pods for Tough Stains,BIOPODS,599,425,1 pack (20 pieces),True,1,1,Matic Liquid Detergent,Detergent Pods,https://cdn.grofers.com/da/cms-assets/cms/product/9aada025-c53b-4d9f-b548-071b0bacc2b2.jpg?ts=1744718792;https://cdn.grofers.com/da/cms-assets/cms/product/451a4e06-b904-4453-a709-e394f71f9552.jpg?ts=1744718793;https://cdn.grofers.com/da/cms-assets/cms/product/7a4b0bc4-3319-4afc-89b2-1811f9f0a701.jpg?ts=1744718793;https://cdn.grofers.com/da/cms-assets/cms/product/a6e0910b-49c6-4d38-b6e1-c1db2773afd0.jpg?ts=1744718794;https://cdn.grofers.com/da/cms-assets/cms/product/081af6d2-5e0e-4545-ad28-9715afa16590.jpg?ts=1744718794;https://cdn.grofers.com/da/cms-assets/cms/product/1a653d13-79ff-4526-81b5-f8c173a97bc7.jpg?ts=1744718794;https://cdn.grofers.com/da/cms-assets/cms/product/4286502e-fd30-48c4-a957-0f241632ecb4.jpg?ts=1744718795;https://cdn.grofers.com/da/cms-assets/cms/product/1be3afeb-8e8a-4086-b15f-417e47f7697c.jpg?ts=1744718795;https://cdn.grofers.com/da/cms-assets/cms/product/ed252470-c3ad-407d-8af1-2a7b67b80012.jpg?ts=1744718795;https://cdn.grofers.com/da/cms-assets/cms/product/fd883c4d-cf41-4125-bbe5-22214698deba.jpg?ts=1744718796;https://cdn.grofers.com/da/cms-assets/cms/product/c6b16477-fc95-46a0-84ca-02199f6dc840.jpg?ts=1744718796;https://cdn.grofers.com/da/cms-assets/cms/product/af4f00c3-8525-4e14-a5d7-008a797d9401.jpg?ts=1744718796,68,0
blinkit,Liquid Detergents,31320,614334,614334,Rasrin Automatic Washing Machine Drum Cleaner,Rasrin,199,179,120 ml,True,6,6,Household Appliance Cleaners,Washing Machine Cleaner,https://cdn.grofers.com/da/cms-assets/cms/product/87bb0a15-9ae8-4b93-a1f9-8202aa9a4388.jpg?ts=1738831807;https://cdn.grofers.com/da/cms-assets/cms/product/e9578ccd-f5e7-4c23-a1e3-3fc9f2085288.jpg?ts=1738831807;https://cdn.grofers.com/da/cms-assets/cms/product/307b9dfa-7593-446c-82e0-a04472c4a237.jpg?ts=1738831807;https://cdn.grofers.com/da/cms-assets/cms/product/fa056873-48c0-4cd0-ad7a-fd94125773ef.jpg?ts=1738831808;https://cdn.grofers.com/da/cms-assets/cms/product/0936ff87-005b-4c4a-b799-490bf6abac20.jpg?ts=1738831808;https://cdn.grofers.com/da/cms-assets/cms/product/70288c43-3abb-484e-a124-45122eb65daa.jpg?ts=1738831808;https://cdn.grofers.com/da/cms-assets/cms/product/0233c58e-4bdf-4067-800b-34643f453669.jpg?ts=1738831808,69,4.260000
blinkit,Liquid Detergents,31320,254597,254597,Vim Lemon Dishwash Gel (900 ml),Vim,205,190,900 ml,True,9,9,Dishwashing Gels,Dishwash Gel,https://cdn.grofers.com/da/cms-assets/cms/product/e3b3b503-9099-47a5-a60d-95266966f083.jpg?ts=1733407429;https://cdn.grofers.com/da/cms-assets/cms/product/2d2ceec4-ed2d-4989-9c2c-cec6315e7148.jpg?ts=1733407430;https://cdn.grofers.com/da/cms-assets/cms/product/a307e17f-258b-45ab-a78b-7638beda69bb.jpg?ts=1733407431;https://cdn.grofers.com/da/cms-assets/cms/product/c2dcb707-c289-406f-a818-f83d41866ded.jpg?ts=1733407431;https://cdn.grofers.com/da/cms-assets/cms/product/bd1c1b8d-3150-47b4-bbce-3ef8fa8f4e89.jpg?ts=1733407432;https://cdn.grofers.com/da/cms-assets/cms/product/93c6f674-e686-4236-9217-8a78a74ad68c.jpg?ts=1733407433;https://cdn.grofers.com/da/cms-assets/cms/product/649ab06a-866b-44a9-8829-24a9b16e4d19.jpg?ts=1733407434,70,4.729000
blinkit,Liquid Detergents,31320,404,404,Vim Lemon Dishwash Gel (500 ml),Vim,130,130,500 ml,True,15,15,Dishwashing Gels,Dishwash Gel,https://cdn.grofers.com/da/cms-assets/cms/product/aa365737-083d-4212-bc63-c5a4a8f40859.jpg?ts=1732867034;https://cdn.grofers.com/da/cms-assets/cms/product/4f3d4c19-3b62-4ee1-aeb4-440edac744f2.jpg?ts=1732867034;https://cdn.grofers.com/da/cms-assets/cms/product/7492cb23-1b2f-4d16-a92e-4a5469a244e0.jpg?ts=1732867034;https://cdn.grofers.com/da/cms-assets/cms/product/25d1aca6-76c2-4127-9290-4cc47ab8597f.jpg?ts=1732867034;https://cdn.grofers.com/da/cms-assets/cms/product/2e9acf28-36de-4025-92c2-21b7ce31548f.jpg?ts=1732867034;https://cdn.grofers.com/da/cms-assets/cms/product/ecdc6745-9118-4384-90f9-4ab76119270b.jpg?ts=1732867034;https://cdn.grofers.com/da/cms-assets/cms/product/cac7dda4-fef9-43d9-a12f-1fd0f2ecc7cc.jpg?ts=1732867034,71,4.769000
blinkit,Liquid Detergents,31320,521552,521552,SaveMore Lemon Dishwash Gel (500 ml),SaveMore,125,69,500 ml,True,7,7,Dishwashing Gels,Dishwash Gel,https://cdn.grofers.com/app/images/products/sliding_image/521552a.jpg?ts=1738846188;https://cdn.grofers.com/da/cms-assets/cms/product/99a1951d-058b-45cd-86b9-556822cce6b8.jpg?ts=1738846188;https://cdn.grofers.com/da/cms-assets/cms/product/6307cec1-7b85-4e51-ad10-092412c24cd5.jpg?ts=1738846188;https://cdn.grofers.com/da/cms-assets/cms/product/9d287a12-a3e6-4516-a48d-b57cdd779e23.jpg?ts=1738846188;https://cdn.grofers.com/app/images/products/sliding_image/521552f.jpg?ts=1738846188;https://cdn.grofers.com/app/images/products/sliding_image/521552g.jpg?ts=1738846188;https://cdn.grofers.com/app/images/products/sliding_image/521552h.jpg?ts=1738846188;https://cdn.grofers.com/app/images/products/sliding_image/521552i.jpg?ts=1738846188;https://cdn.grofers.com/app/images/products/sliding_image/521552j.jpg?ts=1738846188;https://cdn.grofers.com/app/images/products/sliding_image/521552k.jpg?ts=1738846188,72,4.598000
blinkit,Liquid Detergents,31320,546760,546760,Pril Dishwash Gel (Lime),Pril,475,269,2 ltr,True,4,4,Dishwashing Gels,Dishwash Gel,https://cdn.grofers.com/da/cms-assets/cms/product/2bee7e07-f20a-42a9-8c56-ae8f7f371854.png;https://cdn.grofers.com/da/cms-assets/cms/product/0e38e2ed-0ead-4ac9-8f1b-c43db7c3913e.png;https://cdn.grofers.com/da/cms-assets/cms/product/ac71cace-7fd6-4ff5-9294-cb327a4ad032.png;https://cdn.grofers.com/da/cms-assets/cms/product/78ffad15-4077-496f-a535-b7902201bc81.png;https://cdn.grofers.com/da/cms-assets/cms/product/f75ae459-db78-4355-b8d9-17a0ef7e69a6.png;https://cdn.grofers.com/da/cms-assets/cms/product/3a7b2f7a-8a2f-4258-bc55-d4401453759a.png;https://cdn.grofers.com/da/cms-assets/cms/product/c4f05745-ce7a-4519-9a6d-d796a46751d3.png;https://cdn.grofers.com/da/cms-assets/cms/product/32daa6ad-d476-4749-9cdf-d73fe6cef1e2.png;https://cdn.grofers.com/da/cms-assets/cms/product/4dee983c-249f-43b9-86de-976315e29b4c.png;https://cdn.grofers.com/app/images/products/common/customer_care.jpg,73,4.718000
blinkit,Liquid Detergents,31320,99149,99149,Pril Active Lime Grease fighter Dishwash Gel,Pril,130,121,425 ml,True,3,3,Dishwashing Gels,Dishwash Gel,https://cdn.grofers.com/da/cms-assets/cms/product/c947be10-c9d8-4b5c-93df-34c8f3503a47.png;https://cdn.grofers.com/da/cms-assets/cms/product/0ffce4eb-cfb2-4e64-824f-bdd6f984d6ba.png;https://cdn.grofers.com/da/cms-assets/cms/product/404e8889-2995-436a-8f32-c90ca047bee9.png;https://cdn.grofers.com/da/cms-assets/cms/product/ae146607-59c5-415a-b047-dfb990eeb20f.png;https://cdn.grofers.com/da/cms-assets/cms/product/8b4a099a-7531-4881-80fc-7739c28723d5.png;https://cdn.grofers.com/da/cms-assets/cms/product/c490ae87-3c2d-49a8-a36e-405560502df5.png;https://cdn.grofers.com/da/cms-assets/cms/product/a64a1d7b-a77e-495f-b8e2-7e38cccb3d61.jpg;https://cdn.grofers.com/app/images/products/common/customer_care.jpg,74,4.673000
blinkit,Liquid Detergents,31320,429663,429663,Vim Lemon Dishwash Gel,Vim,420,329,2 ltr,True,5,5,Dishwashing Gels,Dishwash Gel,https://cdn.grofers.com/da/cms-assets/cms/product/c75d0748-0a26-4c8e-bb90-7ecf2b2a7845.png;https://cdn.grofers.com/da/cms-assets/cms/product/541b6baf-5c75-4194-b759-798589d2b728.png;https://cdn.grofers.com/da/cms-assets/cms/product/d02c6c2c-e968-46ea-a4c0-276018dbbeeb.png;https://cdn.grofers.com/da/cms-assets/cms/product/f6142071-f2c9-4549-a5e7-d7ac1cb3a505.png;https://cdn.grofers.com/da/cms-assets/cms/product/51f1f423-b8fe-40f4-a700-b01b4c7e0e8d.png;https://cdn.grofers.com/da/cms-assets/cms/product/f47b46fb-7c74-4b07-8a8f-a7cfaadc5e75.png;https://cdn.grofers.com/da/cms-assets/cms/product/97a53c47-a561-4067-ad74-f30aea8d2d91.png;https://cdn.grofers.com/app/images/products/common/customer_care.jpg,75,4.757000
blinkit,Liquid Detergents,31320,559521,559521,Vim Lemon Dishwash Gel with Tropical Lemon Freshness,Vim,600,389,3.2 ltr,True,4,4,Dishwashing Gels,Dishwash Gel,https://cdn.grofers.com/da/cms-assets/cms/product/e8647066-4cc7-48d0-95a7-47b092d60b97.png;https://cdn.grofers.com/da/cms-assets/cms/product/e443f98a-c54c-4ef4-b419-cf71b5c2b941.png;https://cdn.grofers.com/da/cms-assets/cms/product/d1ac1fa9-3a9a-4cc4-84ab-bc00e2c4ab3b.png;https://cdn.grofers.com/da/cms-assets/cms/product/0bdf22b1-0907-46ee-8afc-8f362e3bb3d9.png;https://cdn.grofers.com/da/cms-assets/cms/product/89ac5d91-6acd-4f70-b6e1-0c8bab93caf8.png;https://cdn.grofers.com/da/cms-assets/cms/product/af5c297e-14ac-48e3-aad1-746c19c5e2f6.png;https://cdn.grofers.com/app/images/products/common/customer_care.jpg,76,4.741000
blinkit,Liquid Detergents,31320,540476,540476,Giffy Active Salt & Lemon Dishwash Gel,Giffy,420,289,2 ltr,True,3,3,Dishwashing Gels,Dishwash Gel,https://cdn.grofers.com/da/cms-assets/cms/product/bd8952e1-db4c-4097-9124-d39663aa05aa.png;https://cdn.grofers.com/da/cms-assets/cms/product/b2750610-de6c-4e5c-ae66-6e80e911a9a1.png;https://cdn.grofers.com/da/cms-assets/cms/product/129b9fc6-133e-41f4-994f-6488c9bec90a.png;https://cdn.grofers.com/da/cms-assets/cms/product/0f453238-c495-4599-afb4-bf7f500a16f6.png;https://cdn.grofers.com/da/cms-assets/cms/product/0666c6f2-39e1-4b29-8171-fc39c405eba4.png;https://cdn.grofers.com/da/cms-assets/cms/product/2d32e887-b17f-486c-95d3-cd8ab304cb15.png;https://cdn.grofers.com/da/cms-assets/cms/product/de21b5ad-5f9c-4e5b-9a61-5014f90773f8.png;https://cdn.grofers.com/da/cms-assets/cms/product/3a4eaee3-f83b-4f80-906a-af8f96d67eb3.png;https://cdn.grofers.com/app/images/products/common/customer_care.jpg,77,4.790000
blinkit,Liquid Detergents,31320,67075,67075,Pril Lime Grease Fighter Dishwash Gel,Pril,204,156,750 ml,True,3,3,Dishwashing Gels,Dishwash Gel,https://cdn.grofers.com/da/cms-assets/cms/product/ca9b6582-7917-48b4-9689-d857b00b640a.png;https://cdn.grofers.com/da/cms-assets/cms/product/373f32f5-34e3-408b-8dc5-75cf8ba59044.jpg;https://cdn.grofers.com/da/cms-assets/cms/product/822a0d10-cb55-4684-9e10-3853c1f542d0.jpg;https://cdn.grofers.com/da/cms-assets/cms/product/5d9325d4-be36-4596-aea3-40917ca3149a.jpg;https://cdn.grofers.com/da/cms-assets/cms/product/2be5fcb1-9e3d-47d9-b524-28134107a58b.jpg;https://cdn.grofers.com/da/cms-assets/cms/product/b3959b45-68f7-49d4-b9df-7d411fa9a7f8.jpg;https://cdn.grofers.com/da/cms-assets/cms/product/3f3a832b-b820-4583-be0c-1ae3b4f65b89.jpg;https://cdn.grofers.com/app/images/products/common/customer_care.jpg,78,4.675000
blinkit,Liquid Detergents,31320,597088,597088,Vim Pro-Clean Anti-Smell Dishwash Gel (Mint),Vim,205,190,850 ml,True,2,2,Dishwashing Gels,Dishwash Gel,https://cdn.grofers.com/da/cms-assets/cms/product/58da36af-983e-478b-b26a-b2f3d91e0dcb.png;https://cdn.grofers.com/da/cms-assets/cms/product/78926467-7b5e-4771-9dac-072bc781f0b4.png;https://cdn.grofers.com/da/cms-assets/cms/product/9e6d5759-5e40-427e-aec4-a30eab5c462d.png;https://cdn.grofers.com/da/cms-assets/cms/product/38ba2002-9579-4377-8f02-20c312ca69ec.png;https://cdn.grofers.com/da/cms-assets/cms/product/6f69f51c-3a12-4121-96bd-f07f25689e9e.png;https://cdn.grofers.com/da/cms-assets/cms/product/0d980f19-6442-4257-a182-4504f03be2bd.png;https://cdn.grofers.com/da/cms-assets/cms/product/8fcd710f-30da-4e2b-b649-54a530134143.png;https://cdn.grofers.com/app/images/products/common/customer_care.jpg,79,4.719000
blinkit,Liquid Detergents,31320,18575,18575,Vim Lemon Dishwash Gel,Vim,205,190,750 ml,True,14,14,Dishwashing Gels,Dishwash Gel,https://cdn.grofers.com/da/cms-assets/cms/product/2f32eca8-c5cf-4d9e-93c1-1914d6611401.png;https://cdn.grofers.com/da/cms-assets/cms/product/9e041966-5838-4140-819f-8c8e8019ec36.png;https://cdn.grofers.com/da/cms-assets/cms/product/f0d7118c-9e24-4c30-bbb9-d431319d5d92.png;https://cdn.grofers.com/da/cms-assets/cms/product/6b88510a-ef8e-4ad3-b95b-e7834df057ae.png;https://cdn.grofers.com/da/cms-assets/cms/product/0a23f743-38a3-4bc5-bdc9-9c1bba29189f.png;https://cdn.grofers.com/da/cms-assets/cms/product/1c190b75-18ee-491e-8d49-0a2e9d0fe605.png;https://cdn.grofers.com/da/cms-assets/cms/product/a65bdb0e-c68c-4ea3-8178-850b898edac4.png;https://cdn.grofers.com/da/cms-assets/cms/product/4d94245b-04c6-43a5-8421-a476060b9baf.png;https://cdn.grofers.com/app/images/products/common/customer_care.jpg,80,4.757000
blinkit,Liquid Detergents,31320,525124,525124,SaveMore Lemon Dishwash Gel (500 ml) - Buy 1 Get 1 Free,SaveMore,250,125,500 ml + 500 ml,True,3,3,Dishwashing Gels,Dishwash Gel,https://cdn.grofers.com/da/cms-assets/cms/product/cfbf7da9-9a78-4ef6-9037-2f6979e96950.png;https://cdn.grofers.com/da/cms-assets/cms/product/1691301a-873d-4dc1-b7b0-a446c6b938e3.png;https://cdn.grofers.com/da/cms-assets/cms/product/7e572822-fb59-4eeb-90bb-5a4c5c856a38.png;https://cdn.grofers.com/da/cms-assets/cms/product/f62eae01-4253-48b7-9b03-ba1b15c6209e.png;https://cdn.grofers.com/da/cms-assets/cms/product/bca47d6b-9489-4f69-bb1f-f95bac29bf75.png;https://cdn.grofers.com/da/cms-assets/cms/product/9cf8a3f1-8d40-4abe-8a71-7e56e170e043.png;https://cdn.grofers.com/da/cms-assets/cms/product/2fc63106-6217-4990-846f-9dd7b7e8f44d.png;https://cdn.grofers.com/da/cms-assets/cms/product/fd943e8f-63f6-4b9c-81df-a19fee882c0a.png;https://cdn.grofers.com/da/cms-assets/cms/product/a35dc4c0-5d92-4c90-9005-173bc9715d61.png;https://cdn.grofers.com/da/cms-assets/cms/product/ed533f86-fa5a-4ef7-b420-fccd3366eec7.png;https://cdn.grofers.com/app/images/products/common/customer_care.jpg,81,4.629000
blinkit,Liquid Detergents,31320,596150,596150,Pril Greese Fighter Dishwash Gel (Lime),Pril,215,151,850 ml,True,4,4,Dishwashing Gels,Dishwash Gel,https://cdn.grofers.com/da/cms-assets/cms/product/88891ac5-2188-41da-9c75-d089cbef5001.png;https://cdn.grofers.com/da/cms-assets/cms/product/90cbdaa1-f5ca-4278-b976-992db7a7ed42.png;https://cdn.grofers.com/da/cms-assets/cms/product/dc3f1b81-7727-4852-ad32-6effa5e6e45a.png;https://cdn.grofers.com/da/cms-assets/cms/product/34b36e8f-1ef1-4e38-8c7a-3e7bc6254bea.png;https://cdn.grofers.com/da/cms-assets/cms/product/37252c27-e2ef-44be-aead-2c5fcb7bf253.png;https://cdn.grofers.com/da/cms-assets/cms/product/534bdd3d-0e27-4f80-ba64-8cdc06552774.png;https://cdn.grofers.com/da/cms-assets/cms/product/5d61de12-0312-4400-bfe8-308d0aa5496a.png;https://cdn.grofers.com/app/images/products/common/customer_care.jpg,82,4.591000
blinkit,Liquid Detergents,31320,108987,108987,"Finish Rinse Aid, Shine & Dry Dishwasher Gel",Finish,333,300,400 ml,True,1,1,Dishwasher Tabs & Aids,Dishwasher Gel,https://cdn.grofers.com/da/cms-assets/cms/product/a54cdcac-fbd5-4fa1-9ab1-0c984533bd40.png;https://cdn.grofers.com/da/cms-assets/cms/product/e4ade225-4d4a-4775-ab88-8125895256ec.png;https://cdn.grofers.com/da/cms-assets/cms/product/770c09b9-e567-4418-bf8c-66bd362adb29.png;https://cdn.grofers.com/da/cms-assets/cms/product/5ea0234f-a1ee-469f-b68a-ab783c174707.png;https://cdn.grofers.com/da/cms-assets/cms/product/bc759428-203c-4c8f-995d-7fc6056f5026.png;https://cdn.grofers.com/da/cms-assets/cms/product/b09c9290-cf80-4015-9fa8-6d9bdc5ea1ce.png;https://cdn.grofers.com/da/cms-assets/cms/product/8f67995d-a57b-458a-96e7-ca40a2809703.png;https://cdn.grofers.com/da/cms-assets/cms/product/3178beaa-cc95-4432-a8b6-f8747c27811d.png;https://cdn.grofers.com/da/cms-assets/cms/product/fdad586a-250b-473a-bb08-6401a3fb975a.png;https://cdn.grofers.com/da/cms-assets/cms/product/dca51fa9-2d6f-429b-a5f4-712c10592fa0.png;https://cdn.grofers.com/app/images/products/common/customer_care.jpg,83,4.647000
blinkit,Liquid Detergents,31320,489198,489198,"Finish Rinse Aid, Shine & Dry Dishwasher Gel - Pack of 2",Finish,666,566,2 x 400 ml,True,0,0,Dishwasher Tabs & Aids,Dishwasher Gel,https://cdn.grofers.com/da/cms-assets/cms/product/1e4ab338-7c2f-4936-846a-87c1837c68ab.png;https://cdn.grofers.com/da/cms-assets/cms/product/9a8b05bb-86b4-4a5a-94b8-6e77d87bb17c.png;https://cdn.grofers.com/da/cms-assets/cms/product/134bdebd-156d-452f-bf9c-fd2c9c4cb34a.png;https://cdn.grofers.com/da/cms-assets/cms/product/00b4c0c3-cb98-4fc4-866f-947fb61d445e.png;https://cdn.grofers.com/da/cms-assets/cms/product/7ce22a8c-da8a-419b-9f36-5a4b17d7be70.png;https://cdn.grofers.com/da/cms-assets/cms/product/6593f3f6-55db-433d-9dca-289f4da7a946.png;https://cdn.grofers.com/da/cms-assets/cms/product/8c46cc25-7277-43fc-b2f2-bde43d208694.png;https://cdn.grofers.com/da/cms-assets/cms/product/fb7879e7-43e3-4b60-8d53-12705b9ac9be.png;https://cdn.grofers.com/da/cms-assets/cms/product/e67354ec-b654-4939-a597-ddb67b693088.png;https://cdn.grofers.com/da/cms-assets/cms/product/e0da0379-7de8-4ce2-8d40-e5b65a123d6a.png;https://cdn.grofers.com/da/cms-assets/cms/product/84b4172e-2d75-44fe-98d4-64696e7628e6.png;https://cdn.grofers.com/app/images/products/common/customer_care.jpg,83,0
blinkit,Liquid Detergents,31320,407580,407580,Pril Tamarind Shine Specialist Dishwash Gel,Pril,209,147,750 ml,True,3,3,Dishwashing Gels,Dishwash Gel,https://cdn.grofers.com/da/cms-assets/cms/product/c476931c-625a-4411-b1b9-f087132b8c92.png;https://cdn.grofers.com/da/cms-assets/cms/product/75f69967-4d60-45c4-8777-1f94bdb6267e.jpg;https://cdn.grofers.com/da/cms-assets/cms/product/84f15aa7-aa07-4264-9b21-3a8ca8310022.jpg;https://cdn.grofers.com/da/cms-assets/cms/product/02b98aea-d1f4-4a9e-82ab-026201adec22.jpg;https://cdn.grofers.com/da/cms-assets/cms/product/7061a8ac-5269-4f4c-9b07-068dc33520f7.jpg;https://cdn.grofers.com/da/cms-assets/cms/product/604e944d-bb46-4b72-a5fa-dd9a9f33fd79.jpg;https://cdn.grofers.com/da/cms-assets/cms/product/19671f36-afb0-4491-af39-9edded5335f1.jpg;https://cdn.grofers.com/app/images/products/common/customer_care.jpg,84,4.713000
blinkit,Liquid Detergents,31320,531875,531875,Vim Shudhham Metal Dishwash Gel Spray for Copper & Brass,Vim,349,314,450 ml,True,1,1,Dishwashing Gels,Metal Dishwash Gel,https://cdn.grofers.com/da/cms-assets/cms/product/0f3c39b0-ce14-4320-97ce-583b4bfa2769.png;https://cdn.grofers.com/da/cms-assets/cms/product/3c0ae037-4e9e-4af4-ab92-9283fbc64d20.png;https://cdn.grofers.com/da/cms-assets/cms/product/74deab61-e2da-41a9-be8e-9aee00ea1240.png;https://cdn.grofers.com/da/cms-assets/cms/product/0c6099ae-4c7d-4cbb-a8c3-d291d2ebbf11.png;https://cdn.grofers.com/da/cms-assets/cms/product/6215808c-346c-451c-a8b1-3d1b7fcf87b6.png;https://cdn.grofers.com/da/cms-assets/cms/product/1dcc4a89-f382-45bd-a80f-df249a0d2bca.png;https://cdn.grofers.com/da/cms-assets/cms/product/48935e80-b793-4392-ae86-0feba2b21082.png;https://cdn.grofers.com/app/images/products/common/customer_care.jpg,85,4.557000
blinkit,Liquid Detergents,31320,534247,534247,Beco Natural Dishwash Gel,Beco,199,126,750 ml,True,3,3,Dishwashing Gels,Dishwash Gel,https://cdn.grofers.com/da/cms-assets/cms/product/925e3515-9934-4874-9649-e348631e3294.png;https://cdn.grofers.com/da/cms-assets/cms/product/2307fdcc-c8e0-4e85-b19d-286315da9062.png;https://cdn.grofers.com/da/cms-assets/cms/product/fb6d77ef-ae45-401d-80d2-a9305a8f6cc6.png;https://cdn.grofers.com/da/cms-assets/cms/product/342ca90b-a557-4b0e-8700-7385803d9fb5.png;https://cdn.grofers.com/da/cms-assets/cms/product/a458a15e-6b25-46c5-9565-324a9f2db145.png;https://cdn.grofers.com/da/cms-assets/cms/product/b10da30b-162a-4709-bc2d-32ae710de1a6.png;https://cdn.grofers.com/da/cms-assets/cms/product/a7f5f71f-833f-44e0-95df-c90cd49527be.png;https://cdn.grofers.com/app/images/products/common/customer_care.jpg,86,4.538000
blinkit,Liquid Detergents,31320,565149,565149,Beco Natural Dishwash Liquid Refill Pack,Beco,455,239,2 ltr,True,1,1,Dishwashing Gels,Dishwash Liquid,https://cdn.grofers.com/da/cms-assets/cms/product/382e2e66-c9a7-4f00-9a42-9e64545c0562.png;https://cdn.grofers.com/da/cms-assets/cms/product/60b2d87e-0ee9-45db-bd0d-f19083337846.png;https://cdn.grofers.com/da/cms-assets/cms/product/9f264f70-bedf-449b-8a09-7f564fcb909f.png;https://cdn.grofers.com/da/cms-assets/cms/product/3adcd090-a47c-4e87-a37a-749697a95b78.png;https://cdn.grofers.com/da/cms-assets/cms/product/4727267e-d779-43af-a6fa-624496ae25ca.png;https://cdn.grofers.com/da/cms-assets/cms/product/bdc3bec0-11dd-46ad-b7e4-5e1a7876c1ed.png;https://cdn.grofers.com/da/cms-assets/cms/product/94fdeab9-6f1c-448f-b2d7-c0775d0cb3fe.png;https://cdn.grofers.com/app/images/products/common/customer_care.jpg,87,4.720000
blinkit,Liquid Detergents,31320,531876,531876,Vim Shudhham Metal Dishwash Gel for Copper & Brass,Vim,150,135,250 ml,True,2,2,Dishwashing Gels,Metal Dishwash Gel,https://cdn.grofers.com/da/cms-assets/cms/product/783ff3ad-4744-4386-91d8-253d54c1aa2f.png;https://cdn.grofers.com/da/cms-assets/cms/product/53c924ef-d571-4313-a933-51e0f3debd71.png;https://cdn.grofers.com/da/cms-assets/cms/product/0fd58dc4-b4af-47df-9b0e-11e4faf96ada.png;https://cdn.grofers.com/da/cms-assets/cms/product/ca6aa411-189e-4d88-a16b-67e08ee5c562.png;https://cdn.grofers.com/da/cms-assets/cms/product/b1e42712-cfb0-4aef-916e-b19870cae988.png;https://cdn.grofers.com/da/cms-assets/cms/product/3dd1ce29-9855-41f0-928b-6bf6d5b6205b.png;https://cdn.grofers.com/da/cms-assets/cms/product/17656302-a3c9-4f23-b81e-34a6a500b71f.png;https://cdn.grofers.com/da/cms-assets/cms/product/f644639a-2fb5-4ef4-8693-1f5078008c1e.png;https://cdn.grofers.com/da/cms-assets/cms/product/73a18730-7047-4f62-ba46-f3d47a47ebd2.png;https://cdn.grofers.com/app/images/products/common/customer_care.jpg,88,4.679000
blinkit,Liquid Detergents,31320,521563,521563,SaveMore Dishwash Gel (Lime),SaveMore,125,89,500 ml,True,6,6,Dishwashing Gels,Dishwash Gel,https://cdn.grofers.com/da/cms-assets/cms/product/251e6f96-d66e-4f4d-9f78-fb2fbf7f876b.png;https://cdn.grofers.com/da/cms-assets/cms/product/0a757629-f48c-45f8-bef7-aeae40747b13.png;https://cdn.grofers.com/da/cms-assets/cms/product/60ec8d67-18f9-4200-b64d-190d469b037f.png;https://cdn.grofers.com/da/cms-assets/cms/product/34011a56-94e2-4f49-83bc-7073cf95b397.png;https://cdn.grofers.com/da/cms-assets/cms/product/38de70f3-0a80-4c16-bd0d-6dfbed41d09e.png;https://cdn.grofers.com/da/cms-assets/cms/product/e390af6f-3653-46a1-a117-511c7f00ace1.png;https://cdn.grofers.com/da/cms-assets/cms/product/f6edddda-c37b-4caf-b964-218fbb2120f5.png;https://cdn.grofers.com/da/cms-assets/cms/product/d26f6f38-67b9-4855-a43a-989cefeb0f18.png;https://cdn.grofers.com/da/cms-assets/cms/product/34082c6d-0362-4b5b-9255-1763469d6e41.png;https://cdn.grofers.com/da/cms-assets/cms/product/c23288fa-bbd3-4797-a52c-105f0826c7b0.png;https://cdn.grofers.com/app/images/products/common/customer_care.jpg,89,4.611000
blinkit,Liquid Detergents,31320,521553,521553,SaveMore Lemon Dishwash Gel,SaveMore,169,89,750 ml,True,3,3,Dishwashing Gels,Dishwash Gel,https://cdn.grofers.com/da/cms-assets/cms/product/1b6c9263-a178-41d4-b1af-1ef7f1d3a178.png;https://cdn.grofers.com/da/cms-assets/cms/product/729016ef-f158-43a5-b594-6ace085757ae.png;https://cdn.grofers.com/da/cms-assets/cms/product/6ad0239a-3f68-4f42-b430-f07e312be2c5.png;https://cdn.grofers.com/da/cms-assets/cms/product/70b1e78b-6303-4a5c-98b2-b3f69fb13df9.png;https://cdn.grofers.com/da/cms-assets/cms/product/67f1e198-adc8-475c-ac83-444d961b97ed.png;https://cdn.grofers.com/da/cms-assets/cms/product/8471e816-736d-40f5-ad0a-2b0a9f0f52c8.png;https://cdn.grofers.com/da/cms-assets/cms/product/19cd43b1-3058-49fa-8785-1a9a8a37faa1.png;https://cdn.grofers.com/da/cms-assets/cms/product/32edfb02-5e7d-4edf-a1f6-a24439e5b890.png;https://cdn.grofers.com/da/cms-assets/cms/product/dec4f555-6be0-415e-836a-4a79350b101c.png;https://cdn.grofers.com/da/cms-assets/cms/product/03562814-3cbb-4bc1-a99f-2f88767e9d6b.png;https://cdn.grofers.com/da/cms-assets/cms/product/97f49a05-63b9-4fdc-a103-b2542b8ba33d.png;https://cdn.grofers.com/app/images/products/common/customer_care.jpg,90,4.558000
blinkit,Liquid Detergents,31320,552520,552520,Koparo Clean Natural Tough Grease Removal Dishwash Gel,Koparo Clean,265,265,750 ml,True,1,1,Dishwashing Gels,Dishwash Gel,https://cdn.grofers.com/da/cms-assets/cms/product/2d4af226-6a41-4a1c-9dd0-781e1a278a99.png;https://cdn.grofers.com/da/cms-assets/cms/product/f4a23ade-5a9e-416c-830a-b3c285caf52e.png;https://cdn.grofers.com/da/cms-assets/cms/product/20c0de47-2c4a-4095-b81e-37fd9787c9ac.png;https://cdn.grofers.com/da/cms-assets/cms/product/3eb391ba-b627-41c1-a6e8-b0eed0281b44.png;https://cdn.grofers.com/da/cms-assets/cms/product/c0600426-db69-452b-9e74-e08f9e3b66e5.png;https://cdn.grofers.com/da/cms-assets/cms/product/cb5affe8-6b70-45a5-8946-400c5188133e.png;https://cdn.grofers.com/da/cms-assets/cms/product/db18285f-2e3b-4599-8dd9-446190fbcc3d.png;https://cdn.grofers.com/da/cms-assets/cms/product/ba78103c-8966-47d0-8487-3b23839998ce.png;https://cdn.grofers.com/da/cms-assets/cms/product/b0d037a7-5ba8-4acc-834e-87767473d7b6.png;https://cdn.grofers.com/app/images/products/common/customer_care.jpg,91,4.770000
blinkit,Liquid Detergents,31320,596608,596608,Vim ProClean Dishwash Gel (Tangerine),Vim,249,186,750 ml,True,1,1,Dishwashing Gels,Dishwash Gel,https://cdn.grofers.com/da/cms-assets/cms/product/e6f96605-3c24-4691-9a9d-7ae09b882c4e.png;https://cdn.grofers.com/da/cms-assets/cms/product/34bb1b96-29e9-48b3-a237-a2f5391d500b.png;https://cdn.grofers.com/da/cms-assets/cms/product/8fe78140-43d1-4400-a6c3-48690b33f882.png;https://cdn.grofers.com/da/cms-assets/cms/product/5f91b7e2-692e-420f-ae87-a27a61e7ae4e.png;https://cdn.grofers.com/da/cms-assets/cms/product/c8d0ad6b-937d-408c-b4cb-53260bf149e1.png;https://cdn.grofers.com/da/cms-assets/cms/product/b9fc5586-f7c0-4c6e-a9f3-d4ecd90f0fdc.png;https://cdn.grofers.com/da/cms-assets/cms/product/1c1bb608-b5ad-4ce7-b6ca-6c317af7106e.png;https://cdn.grofers.com/da/cms-assets/cms/product/d0ece754-3078-4303-ad5c-d277bc015706.png;https://cdn.grofers.com/app/images/products/common/customer_care.jpg,92,4.553000
blinkit,Liquid Detergents,31320,521551,521551,SaveMore Lime Dishwash Gel,SaveMore,169,89,750 ml,True,4,4,Dishwashing Gels,Dishwash Gel,https://cdn.grofers.com/da/cms-assets/cms/product/622e4afa-4c88-424e-9795-a15ec69226a5.png;https://cdn.grofers.com/da/cms-assets/cms/product/503878d0-e830-4307-b199-67f5b04b33e7.png;https://cdn.grofers.com/da/cms-assets/cms/product/ee34f4eb-10c8-4d3d-bc25-5f4c8a36f31d.png;https://cdn.grofers.com/da/cms-assets/cms/product/599c8cb2-5839-4b41-b5b4-b668f5f9680e.png;https://cdn.grofers.com/da/cms-assets/cms/product/7ec49f7d-2f39-467b-bee7-9cd8144a1f96.png;https://cdn.grofers.com/da/cms-assets/cms/product/e3b12a80-67a1-45e9-8a8c-b64802e1da5d.png;https://cdn.grofers.com/da/cms-assets/cms/product/fe1e66e5-42a8-4570-8108-c6fa469356a9.png;https://cdn.grofers.com/da/cms-assets/cms/product/7113da51-315e-4ad7-876b-c26d6e068e5b.png;https://cdn.grofers.com/da/cms-assets/cms/product/38c656f3-c8ad-46af-ae95-bd2e67a3e3db.png;https://cdn.grofers.com/da/cms-assets/cms/product/1c2a059f-bea8-4015-8da8-8aa50cde2011.png;https://cdn.grofers.com/app/images/products/common/customer_care.jpg,93,4.585000
blinkit,Liquid Detergents,31320,525123,525123,SaveMore Dishwash Gel (Lime) - Buy 1 Get 1 Free,SaveMore,250,125,500 ml + 500 ml,True,3,3,Dishwashing Gels,Dishwash Gel,https://cdn.grofers.com/da/cms-assets/cms/product/5714c295-691a-4f10-8134-eacf6cdc54c5.png;https://cdn.grofers.com/da/cms-assets/cms/product/6e48d786-c16d-436c-bce2-81a1333051cc.png;https://cdn.grofers.com/da/cms-assets/cms/product/95558787-08e4-4421-9733-8148873e55dc.png;https://cdn.grofers.com/da/cms-assets/cms/product/85880c0a-7a33-4674-ae55-526cc8c4cf29.png;https://cdn.grofers.com/da/cms-assets/cms/product/b82b13ab-df70-4286-800d-385e4ff61061.png;https://cdn.grofers.com/da/cms-assets/cms/product/b9b55201-7e74-43f7-96ae-bedd40b61283.png;https://cdn.grofers.com/da/cms-assets/cms/product/8f20c098-5813-4ad8-9e46-3b5b52dde948.png;https://cdn.grofers.com/da/cms-assets/cms/product/cfa69045-e0e4-4ea5-8cf2-bdce1068d5e7.png;https://cdn.grofers.com/da/cms-assets/cms/product/ea9d4488-ca4c-4f3f-80af-84e1bcb9a2e3.png;https://cdn.grofers.com/app/images/products/common/customer_care.jpg,94,4.562000
blinkit,Liquid Detergents,31320,522482,522482,SaveMore Lemon Dishwash Gel - Buy 1 Get 1 Free,SaveMore,338,169,750 ml + 750 ml,True,1,1,Dishwashing Gels,Dishwash Gel,https://cdn.grofers.com/da/cms-assets/cms/product/7620f8ba-729c-4f17-b608-38eafc07826a.png;https://cdn.grofers.com/da/cms-assets/cms/product/3a3cda7a-9f40-486b-ad99-2137229974bc.png;https://cdn.grofers.com/da/cms-assets/cms/product/7b3befeb-9cef-4101-b1c9-dafa9b8b4f58.png;https://cdn.grofers.com/da/cms-assets/cms/product/e7d4d315-a19a-41a7-bef6-fc703c0d300a.png;https://cdn.grofers.com/da/cms-assets/cms/product/b98d07a8-09a6-4a62-b2a5-a064064f91bb.png;https://cdn.grofers.com/da/cms-assets/cms/product/c2a78593-8ba2-4342-b820-87d9eb394409.png;https://cdn.grofers.com/da/cms-assets/cms/product/47fbc032-56b2-447f-86b5-372201c6cd18.png;https://cdn.grofers.com/da/cms-assets/cms/product/dab973d0-44d5-4d30-a2b3-da1a56fbe253.png;https://cdn.grofers.com/da/cms-assets/cms/product/8d3f85bb-da66-4c3b-9e90-e0b82d1b306a.png;https://cdn.grofers.com/app/images/products/common/customer_care.jpg,95,4.477000
blinkit,Liquid Detergents,31320,544402,544402,Brite-O Super Polish Metal Dishwash Paste,Brite-O,60,60,25 g,True,1,1,Dishwashing Gels,Metal Dishwash Paste,https://cdn.grofers.com/da/cms-assets/cms/product/03527c6b-5a57-41b5-aaca-ff83596d942b.png;https://cdn.grofers.com/da/cms-assets/cms/product/a7ddfbb2-2819-4e35-b92f-2ee8bab04c34.png;https://cdn.grofers.com/da/cms-assets/cms/product/d5916f31-3c83-4315-aec6-02d365641dfb.png;https://cdn.grofers.com/app/images/products/common/customer_care.jpg,96,4.291000
blinkit,Liquid Detergents,31320,522481,522481,SaveMore Lime Dishwash Gel - Buy 1 Get 1 Free,SaveMore,338,169,750 ml + 750 ml,True,2,2,Dishwashing Gels,Dishwash Gel,https://cdn.grofers.com/app/assets/products/sliding_images/jpeg/e3017447-0082-435f-9344-1c4893ad7e6e.jpg?ts=1718195098;https://cdn.grofers.com/app/images/products/sliding_image/522481b.jpg?ts=1718195098;https://cdn.grofers.com/app/images/products/sliding_image/522481c.jpg?ts=1718195098;https://cdn.grofers.com/app/images/products/sliding_image/522481d.jpg?ts=1718195098;https://cdn.grofers.com/app/images/products/sliding_image/522481e.jpg?ts=1718195098;https://cdn.grofers.com/app/images/products/sliding_image/522481f.jpg?ts=1718195098;https://cdn.grofers.com/app/images/products/sliding_image/522481g.jpg?ts=1718195098;https://cdn.grofers.com/app/images/products/sliding_image/522481h.jpg?ts=1718195098;https://cdn.grofers.com/app/images/products/sliding_image/522481i.jpg?ts=1718195098,97,4.575000
blinkit,Liquid Detergents,31320,632770,632770,Awenest Bye Bye Grease Dishwash Gel,Awenest,299,280,2 ltr,True,1,1,Dishwashing Gels,Dishwash Gel,https://cdn.grofers.com/da/cms-assets/cms/product/67d8df7c-359c-400b-a92c-44c023b8de60.jpg?ts=1742560108;https://cdn.grofers.com/da/cms-assets/cms/product/5b57ce67-ab6e-4e57-a22a-33a43665a449.jpg?ts=1742560108;https://cdn.grofers.com/da/cms-assets/cms/product/39069af1-6284-4eb3-8dcd-abf4f83fd729.jpg?ts=1742560108;https://cdn.grofers.com/da/cms-assets/cms/product/af28578a-9910-4e3d-ac71-14bbff68c517.jpg?ts=1742560108,98,0
blinkit,Liquid Detergents,31320,531294,531294,"Finish Rinse Aid, Shine & Dry Dishwasher Gel +  Dishwasher Powder +  5X Power Actions Dishwasher Salt Combo",,1184,1006,400 ml + 1 kg + 2 kg,True,1,1,Dishwasher Tabs & Aids,Combo,https://cdn.grofers.com/da/cms-assets/cms/product/96e06aca-afa4-4c63-8db5-8009eca8021f.jpg?ts=1738061833;https://cdn.grofers.com/da/cms-assets/cms/product/4d13d44f-b532-400d-8f7e-3da95d943767.jpg?ts=1738061833;https://cdn.grofers.com/da/cms-assets/cms/product/f181d1c4-b651-411c-a0ab-f820116765b7.jpg?ts=1738061833;https://cdn.grofers.com/da/cms-assets/cms/product/ac805f6f-bce6-477e-b5dc-34e86a80911e.jpg?ts=1738061833;https://cdn.grofers.com/da/cms-assets/cms/product/9712722d-a35f-4a57-9a8f-ecd4cfb90397.jpg?ts=1738061833;https://cdn.grofers.com/da/cms-assets/cms/product/be6311a5-8975-48b1-9b01-77a739107597.jpg?ts=1738061834;https://cdn.grofers.com/da/cms-assets/cms/product/b58b9de7-5495-408a-bfbf-63d28b15dec8.jpg?ts=1738061834;https://cdn.grofers.com/da/cms-assets/cms/product/9b3c7dec-5e7c-447f-ba09-c66b1ff1219c.jpg?ts=1738061835;https://cdn.grofers.com/da/cms-assets/cms/product/6ceaedfd-5f74-4d99-8645-49c2877a836c.jpg?ts=1738061835;https://cdn.grofers.com/da/cms-assets/cms/product/f6428882-20b8-4f85-9483-37b8e1519bf7.jpg?ts=1738061835;https://cdn.grofers.com/da/cms-assets/cms/product/de22e000-35b8-4d58-a24f-8fbb9fa27fcb.jpg?ts=1738061836;https://cdn.grofers.com/da/cms-assets/cms/product/c0d3ac24-75e8-4f99-8748-8c70188b3199.jpg?ts=1738061836,99,0
blinkit,Liquid Detergents,31320,579815,579815,Vooki Nature Powered Dishwash Liquid,Vooki,249,248,500 ml,True,1,1,Dishwashing Gels,Dishwash Liquid,https://cdn.grofers.com/da/cms-assets/cms/product/2e2f079b-0f60-4c68-b2a8-77967fa1b6c8.jpg?ts=1730310746;https://cdn.grofers.com/da/cms-assets/cms/product/4f77756f-957a-48fe-add8-a1f86e25389e.jpg?ts=1730310746;https://cdn.grofers.com/da/cms-assets/cms/product/a81f487b-4952-4051-932d-f7be0a40032f.jpg?ts=1730310747;https://cdn.grofers.com/da/cms-assets/cms/product/ce02a527-f062-445d-b3f3-d5601e2d1174.jpg?ts=1730310747;https://cdn.grofers.com/da/cms-assets/cms/product/474f243c-7cc7-4b8e-9fd2-0d064c3ed570.jpg?ts=1730310748;https://cdn.grofers.com/da/cms-assets/cms/product/ca5855d8-610b-4e05-a468-9625cedece3d.jpg?ts=1730310748;https://cdn.grofers.com/da/cms-assets/cms/product/0395f8ed-fcfd-4e0d-8269-e40e520d740e.jpg?ts=1730310748;https://cdn.grofers.com/da/cms-assets/cms/product/39a65e77-d596-4256-9abf-c3fcfe5d9fbd.jpg?ts=1730310748;https://cdn.grofers.com/da/cms-assets/cms/product/33b87a27-e736-438e-9d41-3d104406b25e.jpg?ts=1730310749;https://cdn.grofers.com/da/cms-assets/cms/product/88d5b471-02a9-4de0-8c6e-f2f1e3cfd786.jpg?ts=1730310749,100,0
blinkit,Liquid Detergents,34835,633984,633984,Awenest Baby Bottle & Dishwash Gel,Awenest,295,269,1 ltr,True,3,3,Hygiene,Dishwash Gel,https://cdn.grofers.com/da/cms-assets/cms/product/3a4e985a-0eb8-4969-9710-a12071742628.jpg?ts=1751371898;https://cdn.grofers.com/da/cms-assets/cms/product/add1ed44-a54b-4500-89bc-c952346ed6e3.jpg?ts=1751371898;https://cdn.grofers.com/da/cms-assets/cms/product/ea6dbceb-5ff0-4fcf-9d34-4313d7eaa314.jpg?ts=1751371898;https://cdn.grofers.com/da/cms-assets/cms/product/1cf26ac0-9988-4a90-92d0-d3289e9309da.jpg?ts=1751371898;https://cdn.grofers.com/da/cms-assets/cms/product/2969e959-fccf-4826-870e-ca5ecf9f03f0.jpg?ts=1751371898;https://cdn.grofers.com/da/cms-assets/cms/product/00a1b792-1201-450c-a897-c31c19993949.jpg?ts=1751371898;https://cdn.grofers.com/da/cms-assets/cms/product/a46274d5-f6b0-4c57-816c-0ef7c1c40445.jpg?ts=1751371898;https://cdn.grofers.com/da/cms-assets/cms/product/af6a1f52-61e5-4cd0-9a2a-670feb9ab50b.jpg?ts=1751371898;https://cdn.grofers.com/da/cms-assets/cms/product/fc2fd398-d5a8-4e26-9f30-542192d733dd.jpg?ts=1751371898,101,0
blinkit,Liquid Detergents,31320,628888,628888,Purecult Dishwash Liquid,Purecult,349,269,500 ml,True,2,2,Dishwashing Gels,Dishwash Liquid,https://cdn.grofers.com/da/cms-assets/cms/product/16960b92-9043-4473-8b0a-245cac77056a.jpg;https://cdn.grofers.com/da/cms-assets/cms/product/49130e47-8244-4b33-8523-2efe4fe523c5.jpg;https://cdn.grofers.com/da/cms-assets/cms/product/8046fea6-22a5-4170-92db-bbfe17624d6f.jpg;https://cdn.grofers.com/da/cms-assets/cms/product/72c662d6-585a-4180-9ffe-9b011342772f.jpg;https://cdn.grofers.com/da/cms-assets/cms/product/688632eb-cfcb-4dd1-9c94-7ab8d2ce9582.jpg;https://cdn.grofers.com/da/cms-assets/cms/product/2bc4d278-52e1-427f-9540-8d6a502ac35c.jpg;https://cdn.grofers.com/da/cms-assets/cms/product/8e262c7a-1ef0-488d-8a41-b928d0188722.jpg,102,0
blinkit,Liquid Detergents,31320,614112,614112,Arnigo Rinse Aid Dishwash Gel,Arnigo,270,265,425 ml,True,1,1,Dishwasher Tabs & Aids,Dishwash Gel,https://cdn.grofers.com/da/cms-assets/cms/product/341d0d7f-128c-40d6-9303-8142d7c4d19a.jpg?ts=1738821873;https://cdn.grofers.com/da/cms-assets/cms/product/090eed4b-53ef-4841-8690-509d04fdd0b1.jpg?ts=1738821873;https://cdn.grofers.com/da/cms-assets/cms/product/adee1017-3b5c-4d1d-a30d-7cfd3b1bed56.jpg?ts=1738821874;https://cdn.grofers.com/da/cms-assets/cms/product/fe14a376-d22f-4f65-8b2f-69da8fc9e63a.jpg?ts=1738821874;https://cdn.grofers.com/da/cms-assets/cms/product/14426dc7-6ac4-4c2a-80d1-152bb2b0b5c6.jpg?ts=1738821874;https://cdn.grofers.com/da/cms-assets/cms/product/638ac18d-036e-49d0-a849-ac3d7cd3a3a8.jpg?ts=1738821875;https://cdn.grofers.com/da/cms-assets/cms/product/c6aeb2ee-1a7a-4320-ade3-1e118d6d1c34.jpg?ts=1738821875;https://cdn.grofers.com/da/cms-assets/cms/product/1b620637-b6af-4ce4-8522-359627b80c1b.jpg?ts=1738821875,103,0
blinkit,Liquid Detergents,31320,678465,678465,Surf Excel Matic Express Liquid Detergent,Surf Excel,410,330,2 ltr,True,1,1,Matic Liquid Detergent,Liquid Detergent,https://cdn.grofers.com/da/cms-assets/cms/product/aa07632c8b9e4aa09be154df00a1dd76.jpeg;https://cdn.grofers.com/da/cms-assets/cms/product/4732567ff6534b7fa1794ce36e1b62bd.jpeg;https://cdn.grofers.com/da/cms-assets/cms/product/eb8db0a673c9498f97380e0926dd071c.jpeg;https://cdn.grofers.com/da/cms-assets/cms/product/1d47c02c9d4e472ba7b37c02be9efbaa.jpeg;https://cdn.grofers.com/da/cms-assets/cms/product/80fffe39bf96492abc7672cc800159a9.jpeg;https://cdn.grofers.com/da/cms-assets/cms/product/9c290d10c5a14f47b9ac7c85b0fe672d.jpeg;https://cdn.grofers.com/da/cms-assets/cms/product/4d6900b82da14bbb88ee093417ee85d4.jpeg;https://cdn.grofers.com/da/cms-assets/cms/product/2877a8023f8745cd9fcca632fb5aa0eb.jpeg;https://cdn.grofers.com/da/cms-assets/cms/product/efb15c684b0e4170993e2196244b64f2.jpeg;https://cdn.grofers.com/da/cms-assets/cms/product/38532469d1e440dea099a269af7c368e.jpeg,104,0
blinkit,Liquid Detergents,31320,678446,678446,Surf Excel Matic Express Clean & Fresh Liquid Detergent,Surf Excel,410,330,2 ltr,True,1,1,Matic Liquid Detergent,Liquid Detergent,https://cdn.grofers.com/da/cms-assets/cms/product/7ef81b302ca14de3996c654b9f76ebaf.jpeg;https://cdn.grofers.com/da/cms-assets/cms/product/0dd7011215cd4216aa4ceba878abb36f.jpeg;https://cdn.grofers.com/da/cms-assets/cms/product/8fe6da2faded42cf91136b1371d361c7.jpeg;https://cdn.grofers.com/da/cms-assets/cms/product/f8390c9e2d574d348dbbfb65b1bd3406.jpeg;https://cdn.grofers.com/da/cms-assets/cms/product/594b9253c7464fefbacf9b44c15eab72.jpeg;https://cdn.grofers.com/da/cms-assets/cms/product/0cf62b4bbaf744cb80b887f2eac873ec.jpeg;https://cdn.grofers.com/da/cms-assets/cms/product/ec869e8d4db64015a91333840c2bf398.jpeg;https://cdn.grofers.com/da/cms-assets/cms/product/7f3221ad9ba84bc0a8ce77736913e6fe.jpeg;https://cdn.grofers.com/da/cms-assets/cms/product/233ca239081147d48406a0c6e8d22101.jpeg;https://cdn.grofers.com/da/cms-assets/cms/product/49894dbd5dd94588b4c7dc0b7e4b59ea.jpeg,105,0
blinkit,Liquid Detergents,31320,678421,678421,Surf Excel Matic Express Clean & Care Liquid Detergent,Surf Excel,235,215,830 ml,True,1,1,Matic Liquid Detergent,Liquid Detergent,https://cdn.grofers.com/da/cms-assets/cms/product/f1eddb2b31e04abe87be6c962baecb4d.jpeg;https://cdn.grofers.com/da/cms-assets/cms/product/8715de3bbe444b2db39b2fc0daac0a17.jpeg;https://cdn.grofers.com/da/cms-assets/cms/product/808b31d6653043d3b77ba83fbbf67950.jpeg;https://cdn.grofers.com/da/cms-assets/cms/product/5b8ac77caad6483fa643142edcc91962.jpeg;https://cdn.grofers.com/da/cms-assets/cms/product/05c6e0c4b2904353abee876dd54cbbdf.jpeg;https://cdn.grofers.com/da/cms-assets/cms/product/67fad765629341b7a5b096389a619b60.jpeg;https://cdn.grofers.com/da/cms-assets/cms/product/1d99f8d68a4e4744aa84089aa7a43367.jpeg;https://cdn.grofers.com/da/cms-assets/cms/product/4bb38b57a46946d5989fec06b1de126f.jpeg;https://cdn.grofers.com/da/cms-assets/cms/product/5399acaf19f7450b9d946ec26b54169e.jpeg;https://cdn.grofers.com/da/cms-assets/cms/product/92f9f8e05bba49ce9afa94171a0c0002.jpeg,106,0
blinkit,Liquid Detergents,31320,648933,648933,BIOPODS Detergent Pods for Tough Stains,BIOPODS,599,425,1 pack (20 pieces),True,1,1,Matic Liquid Detergent,Detergent Pods,https://cdn.grofers.com/da/cms-assets/cms/product/9aada025-c53b-4d9f-b548-071b0bacc2b2.jpg?ts=1744718792;https://cdn.grofers.com/da/cms-assets/cms/product/451a4e06-b904-4453-a709-e394f71f9552.jpg?ts=1744718793;https://cdn.grofers.com/da/cms-assets/cms/product/7a4b0bc4-3319-4afc-89b2-1811f9f0a701.jpg?ts=1744718793;https://cdn.grofers.com/da/cms-assets/cms/product/a6e0910b-49c6-4d38-b6e1-c1db2773afd0.jpg?ts=1744718794;https://cdn.grofers.com/da/cms-assets/cms/product/081af6d2-5e0e-4545-ad28-9715afa16590.jpg?ts=1744718794;https://cdn.grofers.com/da/cms-assets/cms/product/1a653d13-79ff-4526-81b5-f8c173a97bc7.jpg?ts=1744718794;https://cdn.grofers.com/da/cms-assets/cms/product/4286502e-fd30-48c4-a957-0f241632ecb4.jpg?ts=1744718795;https://cdn.grofers.com/da/cms-assets/cms/product/1be3afeb-8e8a-4086-b15f-417e47f7697c.jpg?ts=1744718795;https://cdn.grofers.com/da/cms-assets/cms/product/ed252470-c3ad-407d-8af1-2a7b67b80012.jpg?ts=1744718795;https://cdn.grofers.com/da/cms-assets/cms/product/fd883c4d-cf41-4125-bbe5-22214698deba.jpg?ts=1744718796;https://cdn.grofers.com/da/cms-assets/cms/product/c6b16477-fc95-46a0-84ca-02199f6dc840.jpg?ts=1744718796;https://cdn.grofers.com/da/cms-assets/cms/product/af4f00c3-8525-4e14-a5d7-008a797d9401.jpg?ts=1744718796,107,0
blinkit,Liquid Detergents,31320,293867,293867,Surf Excel Easy Wash Detergent Powder (1 kg),Surf Excel,152,152,1 kg,True,8,8,Detergent Powders,Detergent Powder,https://cdn.grofers.com/da/cms-assets/cms/product/42ea51e6-8154-4bb0-9d29-18cc53896ecb.jpg?ts=1735215752;https://cdn.grofers.com/da/cms-assets/cms/product/da6d33a5-b7e9-42cd-ae49-528ad0015532.jpg?ts=1735215752;https://cdn.grofers.com/da/cms-assets/cms/product/5778b4fa-3830-4bae-9351-d3a4f4cfb972.jpg?ts=1735215753;https://cdn.grofers.com/da/cms-assets/cms/product/123dce78-bc5d-4f28-8ce5-bfd323899c76.jpg?ts=1735215754;https://cdn.grofers.com/da/cms-assets/cms/product/f1d8bb9b-4321-4a44-a3ad-9312afa12063.jpg?ts=1735215755;https://cdn.grofers.com/da/cms-assets/cms/product/a0eddc54-6328-4530-bba0-a48d9548aa05.jpg?ts=1735215755;https://cdn.grofers.com/da/cms-assets/cms/product/5d909bc6-c8cb-4205-a7b5-ac576ad76568.jpg?ts=1735215756;https://cdn.grofers.com/da/cms-assets/cms/product/df34bb6c-c63b-4399-b5e8-0c4e568ef3dc.jpg?ts=1735215756;https://cdn.grofers.com/da/cms-assets/cms/product/730764b0-7b87-469f-8285-b6d1cfb6dd15.jpg,108,4.753000
blinkit,Liquid Detergents,31320,654061,654061,Godrej Fab Liquid Detergent Refill,Godrej,400,360,4 ltr,True,3,3,Non-Matic Liquid Detergents,Liquid Detergent,https://cdn.grofers.com/da/cms-assets/cms/product/5189a926-53fd-4f85-b9ff-0c6555db0f8f.png;https://cdn.grofers.com/da/cms-assets/cms/product/65d96eae-ee4d-4dd3-8e3b-657b9f6453c1.png;https://cdn.grofers.com/da/cms-assets/cms/product/f1adb5b2-75f3-4dc3-b23a-583c29a8310d.png;https://cdn.grofers.com/da/cms-assets/cms/product/b5f421d7-b638-43f7-b577-77aa73bb26e8.png;https://cdn.grofers.com/da/cms-assets/cms/product/0c89201f-f063-405a-87d0-0ac272e10198.png;https://cdn.grofers.com/da/cms-assets/cms/product/fd44c7dd-4637-4923-944b-8915bb9039ce.png;https://cdn.grofers.com/da/cms-assets/cms/product/48fb66d6-1291-4a1d-aa58-dd7ccd0c0eb0.png;https://cdn.grofers.com/da/cms-assets/cms/product/b6dbf669-0541-4e54-9e13-61215624a6de.png;https://cdn.grofers.com/app/images/products/common/customer_care.jpg,109,4.710000
blinkit,Liquid Detergents,31320,555059,555059,Godrej Fab Liquid Detergent Refill Pouch,Godrej,99,95,950 ml,True,12,12,Non-Matic Liquid Detergents,Liquid Detergent,https://cdn.grofers.com/da/cms-assets/cms/product/3ec7a122-465f-4c77-87ae-4e4442d28186.png;https://cdn.grofers.com/da/cms-assets/cms/product/c28414a1-cca2-4100-aa44-5e505b3ae679.png;https://cdn.grofers.com/da/cms-assets/cms/product/272d4737-f00d-4cfa-a541-ccf76126a8d9.png;https://cdn.grofers.com/da/cms-assets/cms/product/1980a625-9594-4815-b062-d2570e181d1c.png;https://cdn.grofers.com/da/cms-assets/cms/product/d12604aa-dfb5-42a1-9212-12e6f3a12f6e.png;https://cdn.grofers.com/da/cms-assets/cms/product/b54f1d9a-d0ca-4bbc-9067-e6c65f6c693f.png;https://cdn.grofers.com/da/cms-assets/cms/product/1d73bd10-301d-4472-9dce-3fc76906b2c6.png;https://cdn.grofers.com/da/cms-assets/cms/product/3ab7b8e7-d58c-4352-a2a4-18c7513bbac2.png;https://cdn.grofers.com/app/images/products/common/customer_care.jpg,109,4.700000
blinkit,Liquid Detergents,31320,117517,117517,Surf Excel Stain Eraser Detergent Bar 80 g,Surf Excel,10,10,80 g,True,20,20,Detergent Bars,Detergent Bar,https://cdn.grofers.com/da/cms-assets/cms/product/8b3decb3-b6e9-4cfd-b469-b027cb145a51.png;https://cdn.grofers.com/da/cms-assets/cms/product/76584503-49ec-4faf-8f2b-16a5c1b0ffa1.png;https://cdn.grofers.com/da/cms-assets/cms/product/c35fcd47-c3db-4faf-9e6c-b23d4f6f6755.png;https://cdn.grofers.com/da/cms-assets/cms/product/0066afc5-3983-431c-a1a8-6c1c6de2af07.png;https://cdn.grofers.com/da/cms-assets/cms/product/a038c1a8-6b86-4800-8a5d-618d5c944048.png;https://cdn.grofers.com/da/cms-assets/cms/product/17eb05ac-98d5-48f4-a5d5-4446d5fe09b6.png;https://cdn.grofers.com/app/images/products/common/customer_care.jpg,110,4.683000
blinkit,Liquid Detergents,31320,11619,11619,Surf Excel Quick Wash Detergent Powder,Surf Excel,115,115,500 g,True,5,5,Detergent Powders,Detergent Powder,https://cdn.grofers.com/da/cms-assets/cms/product/b6915adb-b053-4bb4-8405-dfec6c233998.png;https://cdn.grofers.com/da/cms-assets/cms/product/0dd3f797-06ea-4fb0-a84e-ed6315fcc652.png;https://cdn.grofers.com/da/cms-assets/cms/product/965fb834-4241-4766-b36e-6d4444d8ab90.png;https://cdn.grofers.com/da/cms-assets/cms/product/3a8227c0-f267-42c9-8565-b915c6094f65.png;https://cdn.grofers.com/da/cms-assets/cms/product/563e8bf5-51ff-43bf-8d02-901f52edefde.png;https://cdn.grofers.com/da/cms-assets/cms/product/ef67273f-9760-4851-92ab-ead7b1dfb00e.png;https://cdn.grofers.com/da/cms-assets/cms/product/90fe3f27-2f5e-4184-8f3a-769192ff5123.png;https://cdn.grofers.com/da/cms-assets/cms/product/392ab07d-32ba-4308-be29-0573be8a4d7f.png;https://cdn.grofers.com/app/images/products/common/customer_care.jpg,111,4.718000
blinkit,Liquid Detergents,34835,424869,424869,Surf Excel Quick Wash Detergent Powder - Free 1 kg,Surf Excel,750,730,3 kg + 1 kg,True,1,1,Detergent Powders,Detergent Powder,https://cdn.grofers.com/da/cms-assets/cms/product/695184fe-d78e-44dd-a2bc-dc8a536eb093.png;https://cdn.grofers.com/da/cms-assets/cms/product/62aa5edb-ae8a-4705-af84-0b151cc73f54.png;https://cdn.grofers.com/da/cms-assets/cms/product/87c2639a-548f-4e58-a1ab-048a3724bb95.png;https://cdn.grofers.com/da/cms-assets/cms/product/079c6f84-4fb3-4695-8ee9-feee4e4718ae.png;https://cdn.grofers.com/da/cms-assets/cms/product/18567045-6385-495e-a219-504ecdcfbd52.png;https://cdn.grofers.com/da/cms-assets/cms/product/3c7e40f8-e47c-4fbe-b4b5-090aed94fffb.png;https://cdn.grofers.com/da/cms-assets/cms/product/9b7a9e53-853d-4356-8498-d51e89e157a2.png;https://cdn.grofers.com/da/cms-assets/cms/product/d6c808b6-5c68-4cd5-8831-139e73d0604e.png;https://cdn.grofers.com/app/images/products/common/customer_care.jpg,111,4.498000
blinkit,Liquid Detergents,31320,675769,675769,Little's Organix Gentle Baby Laundry Detergent with Neem & Aloe Veera,Little's,425,239,1000 ml,True,1,1,Hygiene,Baby Laundry Detergent,https://cdn.grofers.com/da/cms-assets/cms/product/fa8bb717-e4f9-45ef-ab5e-ad2599e24e26.png;https://cdn.grofers.com/da/cms-assets/cms/product/1ecdbeb0-ae17-4e19-89c0-adad20e435ad.png;https://cdn.grofers.com/da/cms-assets/cms/product/b11b39a6-6133-4cb4-ba95-6ec39c334b51.png;https://cdn.grofers.com/da/cms-assets/cms/product/0a0b7103-8ecf-4b15-99a6-3d96b3b65d3a.png;https://cdn.grofers.com/da/cms-assets/cms/product/5c6806ed-eefb-47a9-8b79-cd0dd1cb257a.png;https://cdn.grofers.com/da/cms-assets/cms/product/f8ab7ff6-f62c-4e31-b0f2-a72478a0a09a.png;https://cdn.grofers.com/da/cms-assets/cms/product/4dd12cbc-da88-4d22-86ce-7eefda07057f.png;https://cdn.grofers.com/da/cms-assets/cms/product/1b07c62b-5901-4fbc-a4af-328250834d27.png;https://cdn.grofers.com/da/cms-assets/cms/product/66846524-f282-4539-8c44-f9d5cd0bf2f2.png;https://cdn.grofers.com/app/images/products/common/customer_care.jpg,112,0
blinkit,Liquid Detergents,31320,390,390,Tide Plus Detergent Powder Lemon & Mint,Tide,138,138,1 kg,True,3,3,Detergent Powders,Detergent Powder,https://cdn.grofers.com/da/cms-assets/cms/product/14852481-6850-4fc3-b577-146a931e523a.png;https://cdn.grofers.com/da/cms-assets/cms/product/4879f023-50bc-4e3d-a6b9-ad5688e445fd.png;https://cdn.grofers.com/da/cms-assets/cms/product/c6f98365-e5f6-4c00-a6e7-b6a9f49ac5f6.png;https://cdn.grofers.com/da/cms-assets/cms/product/1d9a7f0c-7edc-497c-bc63-9c03fb70bf2c.png;https://cdn.grofers.com/da/cms-assets/cms/product/849058ad-c74f-41f9-aff4-94c48bdb13ea.png;https://cdn.grofers.com/da/cms-assets/cms/product/1abb3583-61b7-417c-9552-3d7a1b0ad67a.png;https://cdn.grofers.com/da/cms-assets/cms/product/bf055125-e6a8-4feb-a07d-f82eb3d50781.png;https://cdn.grofers.com/da/cms-assets/cms/product/7d385902-0f64-4f56-aaec-ff2cd061a5b1.png;https://cdn.grofers.com/da/cms-assets/cms/product/65412803-c594-4c95-b71f-60afb69b8c32.png;https://cdn.grofers.com/da/cms-assets/cms/product/9090dfe0-2c3d-4c02-8d57-2c6afb9935cf.png;https://cdn.grofers.com/app/images/products/common/customer_care.jpg,113,4.754000
blinkit,Liquid Detergents,31320,312059,312059,Surf Excel Top Load Liquid Detergent,Surf Excel,225,225,1 ltr,True,4,4,Matic Liquid Detergent,Top Load Liquid Detergent,https://cdn.grofers.com/da/cms-assets/cms/product/ac386097-8a6b-40d5-a72b-02b02383e3a0.png;https://cdn.grofers.com/da/cms-assets/cms/product/907fde26-ef78-44a9-add1-499e809a5ec5.png;https://cdn.grofers.com/da/cms-assets/cms/product/30ca1e30-19df-435b-8f73-93e865b01723.png;https://cdn.grofers.com/da/cms-assets/cms/product/11c8c63c-c0c3-4174-a96a-cae7b9c3e463.png;https://cdn.grofers.com/da/cms-assets/cms/product/5c911433-6753-4524-92c5-84e04140ea8e.png;https://cdn.grofers.com/da/cms-assets/cms/product/e4130f4f-e562-479e-ad9b-bd8da3cbe690.png;https://cdn.grofers.com/da/cms-assets/cms/product/d03d51f9-5873-4e17-aeba-a42da8af594a.png;https://cdn.grofers.com/app/images/products/common/customer_care.jpg,114,4.699000
blinkit,Liquid Detergents,31320,392235,392235,Surf Excel Top Load Liquid Detergent,Surf Excel,319,300,2 ltr,True,4,4,Matic Liquid Detergent,Top Load Liquid Detergent,https://cdn.grofers.com/da/cms-assets/cms/product/ebb9871f-fc98-4232-8e52-e65bedf146d9.png;https://cdn.grofers.com/da/cms-assets/cms/product/77e4a04e-11cd-470b-9bd1-8f839c8ab941.png;https://cdn.grofers.com/da/cms-assets/cms/product/f27c4efa-143f-4b8c-9652-0b098ea9d9d0.png;https://cdn.grofers.com/da/cms-assets/cms/product/e755c61b-fcf6-414c-9c87-4e46f85539e0.png;https://cdn.grofers.com/da/cms-assets/cms/product/48078970-81b2-4524-a6a8-510cf6408d04.png;https://cdn.grofers.com/app/images/products/common/customer_care.jpg,114,4.735000
blinkit,Liquid Detergents,31320,19486,19486,Rin Detergent Bar (110 g),Rin,10,10,110 g,True,7,7,Detergent Bars,Detergent Bar,https://cdn.grofers.com/da/cms-assets/cms/product/88bdb832-91cc-464d-8a9a-e7c8e63f3285.png;https://cdn.grofers.com/da/cms-assets/cms/product/e61a3dd4-9f2f-496a-9b92-8c6615c6ea28.png;https://cdn.grofers.com/da/cms-assets/cms/product/6cda1664-d7e9-4e4f-9aec-401202bcbe4e.png;https://cdn.grofers.com/da/cms-assets/cms/product/09cc1fb0-6f50-4300-a068-8b7b43808c02.png;https://cdn.grofers.com/da/cms-assets/cms/product/9ca35f63-6c57-46bb-a349-8629f29fb2e2.png;https://cdn.grofers.com/da/cms-assets/cms/product/22fbcfc4-1aef-471b-ad19-fde3b3221cb3.png;https://cdn.grofers.com/da/cms-assets/cms/product/e7213811-1582-4fb0-8143-e34bb5af0be3.png;https://cdn.grofers.com/da/cms-assets/cms/product/1f2244ae-506e-4f6d-a06a-2037a8620f62.png;https://cdn.grofers.com/app/images/products/common/customer_care.jpg,115,4.718000
blinkit,Liquid Detergents,31320,392236,392236,Surf Excel Matic Front Load Liquid Detergent,Surf Excel,364,340,2 ltr,True,1,1,Matic Liquid Detergent,Front Load Liquid Detergent,https://cdn.grofers.com/da/cms-assets/cms/product/887b5107-dd2e-4430-bdaa-ebb8c1bb1ebc.png;https://cdn.grofers.com/da/cms-assets/cms/product/b3191da8-c42f-42ca-bcc2-612625ce1beb.png;https://cdn.grofers.com/da/cms-assets/cms/product/afe8b459-402b-4a0b-8fb9-ab775d73e865.png;https://cdn.grofers.com/da/cms-assets/cms/product/d0aaf39d-61fd-4199-b4c4-a5c10dbc8d82.png;https://cdn.grofers.com/da/cms-assets/cms/product/5382312c-ee0b-4757-83ae-8c955bb7d710.png;https://cdn.grofers.com/da/cms-assets/cms/product/0b4ffa35-54a2-44d3-88cb-f8cfec91905e.png;https://cdn.grofers.com/da/cms-assets/cms/product/78e962a1-1219-4351-bcdc-007bae242a47.png;https://cdn.grofers.com/da/cms-assets/cms/product/9b2f510b-7652-42dd-8962-4a16ac90c9d1.png;https://cdn.grofers.com/da/cms-assets/cms/product/fa3b02ab-f749-462a-b77d-9d76dadfb438.png;https://cdn.grofers.com/app/images/products/common/customer_care.jpg,116,4.696000
blinkit,Liquid Detergents,31320,114264,114264,Surf Excel Stain Eraser Detergent Bar (4 x 200 g),Surf Excel,128,128,4 x 200 g,True,7,7,Detergent Bars,Detergent Bar,https://cdn.grofers.com/da/cms-assets/cms/product/62223107-d323-4ff6-bdb6-6988c00a8817.png;https://cdn.grofers.com/da/cms-assets/cms/product/8e802c17-72ef-4002-ad54-551f6855fa38.png;https://cdn.grofers.com/da/cms-assets/cms/product/35cb2680-ae17-4cea-992c-8b7cb882ab75.png;https://cdn.grofers.com/da/cms-assets/cms/product/ebc471a1-812b-4fed-94b7-974dd04cee51.png;https://cdn.grofers.com/da/cms-assets/cms/product/96343aac-7805-4ece-bcc6-b8611bce15fa.png;https://cdn.grofers.com/da/cms-assets/cms/product/f869d815-e0d3-4270-bd8f-66ff7b3cf298.png;https://cdn.grofers.com/da/cms-assets/cms/product/b9689fc3-fd92-4d51-b81f-b9b4ff615673.png;https://cdn.grofers.com/app/images/products/common/customer_care.jpg,117,4.714000
blinkit,Liquid Detergents,31320,154617,154617,Tide Plus Double Power Detergent Powder,Tide,138,138,1 kg,True,18,18,Detergent Powders,Detergent Powder,https://cdn.grofers.com/da/cms-assets/cms/product/83e70762-cca7-4c45-a0de-3941255aaf7a.png;https://cdn.grofers.com/da/cms-assets/cms/product/7e17f860-35b2-4643-a203-081d27c9e54c.png;https://cdn.grofers.com/da/cms-assets/cms/product/72e7c9c1-61bd-4fd4-9db3-2d9228aeaff4.png;https://cdn.grofers.com/da/cms-assets/cms/product/a9ea5233-0110-4cb2-abb4-b98a5d638fff.png;https://cdn.grofers.com/da/cms-assets/cms/product/af385922-23e9-4f1d-95cc-04deff9673af.png;https://cdn.grofers.com/da/cms-assets/cms/product/730344f8-6339-46ef-9eed-c85fe4b0d22d.png;https://cdn.grofers.com/da/cms-assets/cms/product/e39f0220-672b-40d6-8bc1-cbd0cae8740b.png;https://cdn.grofers.com/da/cms-assets/cms/product/e005e16e-5f58-4df6-9cef-842ca3ce9347.png;https://cdn.grofers.com/da/cms-assets/cms/product/7e929ac3-e6e3-430a-8db2-ad759939629f.png;https://cdn.grofers.com/da/cms-assets/cms/product/4aaebbed-fbf9-4cab-93da-248f84d78faf.png;https://cdn.grofers.com/app/images/products/common/customer_care.jpg,118,4.751000
blinkit,Liquid Detergents,31320,396907,396907,Surf Excel Easy Wash Liquid Detergent,Surf Excel,205,205,1 ltr,True,2,2,Non-Matic Liquid Detergents,Liquid Detergent,https://cdn.grofers.com/da/cms-assets/cms/product/995fc0b2-eb97-430c-b52e-d5374a8a590a.png;https://cdn.grofers.com/da/cms-assets/cms/product/191b1ecf-acd3-4682-8a8b-99a733012a31.png;https://cdn.grofers.com/da/cms-assets/cms/product/86ab07da-b2be-4e83-890e-cff92cdd667e.png;https://cdn.grofers.com/da/cms-assets/cms/product/b3ec3e5e-7d6f-4ec6-b0c9-9dc642aa1153.png;https://cdn.grofers.com/da/cms-assets/cms/product/08b8203f-cb16-425e-8f8e-d5df24ec9287.png;https://cdn.grofers.com/da/cms-assets/cms/product/e227ff94-d0ea-4a91-966b-9ae3b48f9903.png;https://cdn.grofers.com/da/cms-assets/cms/product/e3da449f-0792-4ffd-9d33-55c1bfb04a34.png;https://cdn.grofers.com/app/images/products/common/customer_care.jpg,119,4.687000
blinkit,Liquid Detergents,31320,552739,552739,Surf Excel Matic Top Load Liquid Detergent - 4 ltrs,Surf Excel,718,529,4 ltr,True,2,2,Matic Liquid Detergent,Top Load Liquid Detergent,https://cdn.grofers.com/da/cms-assets/cms/product/64bb4dff-d5b1-481c-9dbe-335a970ac63a.png;https://cdn.grofers.com/da/cms-assets/cms/product/29e1beef-a82d-495a-bc51-46beba867f7e.png;https://cdn.grofers.com/da/cms-assets/cms/product/6381d47d-5142-498c-b597-291539e5a423.png;https://cdn.grofers.com/da/cms-assets/cms/product/1b3b8690-b1a1-40fd-b196-f44836d85bec.png;https://cdn.grofers.com/da/cms-assets/cms/product/a92f01e0-bdae-4634-8f06-8be5c21901f0.png;https://cdn.grofers.com/da/cms-assets/cms/product/f1b6a812-03d3-4e81-b245-c5ee5eb296a9.png;https://cdn.grofers.com/da/cms-assets/cms/product/0dff5e4e-2c66-438d-9fa3-3c5c10a6923c.png;https://cdn.grofers.com/app/images/products/common/customer_care.jpg,120,4.725000
